%  columns="iteration, evaluation, sigma, max axis length,  min axis length, all principle axes lengths  (sorted square roots of eigenvalues of C)", seed=691251, Wed Sep 30 11:18:09 2015
0 0 2.0 1.00004166753 1.0 1.0 1.00000833337 1.00001666681 1.00002500031 1.00003333389 1.00004166753
1 9 1.99441455885 1.00004166753 1.0 1.0 1.00000833337 1.00001666681 1.00002500031 1.00003333389 1.00004166753
2 18 2.10890824841 1.11566081384 0.932426810887 0.932426810887 0.94952614792 0.979339749274 0.980806443501 0.981214660552 1.11566081384
3 27 2.0763346099 1.20714863926 0.872916909781 0.872916909781 0.937181241303 0.949556824568 0.958234187097 0.980329665117 1.20714863926
4 36 2.36986871404 1.20972277364 0.829789441469 0.829789441469 0.888573676563 0.918983283884 0.949644798534 1.07192399194 1.20972277364
5 45 2.59578527844 1.24392424209 0.792578801983 0.792578801983 0.842837089618 0.895801126955 1.020432687 1.14942891765 1.24392424209
6 54 3.10394978386 1.32147888637 0.774255914867 0.774255914867 0.867617727914 0.90854378843 0.978182072415 1.13570065234 1.32147888637
7 63 3.09254880514 1.58331040721 0.737400982761 0.737400982761 0.842641908699 0.894496457776 0.972676035209 1.12339829946 1.58331040721
8 72 2.8115579268 1.65526837214 0.693176330226 0.693176330226 0.841628113755 0.867835062138 0.95290129284 1.0768697658 1.65526837214
9 81 3.05945533138 1.62164657819 0.657366114427 0.657366114427 0.820334281154 0.886558602103 0.910347640954 1.08110827245 1.62164657819
10 90 3.10377077057 1.69817869814 0.622259169952 0.622259169952 0.803285022343 0.883325587456 0.903054386624 1.15057533903 1.69817869814
11 99 2.86547757994 1.77230358395 0.601480755518 0.601480755518 0.776281330085 0.856751816993 0.898400847841 1.15441482809 1.77230358395
12 108 2.45051434255 1.72665166043 0.562077215213 0.562077215213 0.744705523336 0.87127485758 0.901678727417 1.12158307158 1.72665166043
13 117 2.23266836413 1.67839209414 0.5322103353 0.5322103353 0.72972223311 0.858394428305 0.927526599317 1.09809747181 1.67839209414
14 126 2.1737749565 1.70075811161 0.501145889717 0.501145889717 0.734587385801 0.821287625417 0.903810504156 1.07226626043 1.70075811161
15 135 2.08535625755 1.68542931441 0.479349845051 0.479349845051 0.746140922163 0.788748387532 0.923043602962 1.0735798461 1.68542931441
16 144 1.93550234592 1.66457987122 0.450153636597 0.450153636597 0.744232156431 0.790176700895 0.913305013229 1.07695134288 1.66457987122
17 153 2.11127024329 1.60066087879 0.429056664649 0.429056664649 0.73712232427 0.783719916757 0.927642769451 1.06078062261 1.60066087879
18 162 1.87242974729 1.62246013492 0.415505965293 0.415505965293 0.753171523678 0.799464712731 0.887926620928 1.10806738945 1.62246013492
19 171 2.01812050805 1.60577204836 0.389004253253 0.389004253253 0.753474084432 0.784340275478 0.872710541575 1.10195834259 1.60577204836
20 180 2.20627119022 1.67900763012 0.362922800582 0.362922800582 0.738003069713 0.811849202763 0.844046414934 1.18797536372 1.67900763012
21 189 2.54544387256 1.89293150416 0.353685330749 0.353685330749 0.673151043733 0.810220397965 0.821731671098 1.16196844886 1.89293150416
22 198 3.38250833946 2.15504069476 0.343564698462 0.343564698462 0.651137509275 0.796449082167 0.816079275987 1.17477906565 2.15504069476
23 207 4.14978457324 2.44075963546 0.330364415718 0.330364415718 0.64072352142 0.801730977359 0.804826224929 1.19283452935 2.44075963546
24 216 4.51875506544 2.46251928935 0.321662345023 0.321662345023 0.629335178551 0.777689050599 0.801661921203 1.26964963433 2.46251928935
25 225 4.97772041118 2.48152298703 0.307420098975 0.307420098975 0.615263075108 0.75805393564 0.853783569264 1.24563468509 2.48152298703
26 234 5.63384118152 2.57699453917 0.289295137587 0.289295137587 0.616692505637 0.737854979822 0.848056248872 1.27993807382 2.57699453917
27 243 5.74344261824 2.64373180967 0.272867702032 0.272867702032 0.605115723563 0.741799880608 0.879653573952 1.27485401015 2.64373180967
28 252 5.48228016209 2.60949200755 0.247933411809 0.247933411809 0.632526620505 0.760223440296 0.90215913459 1.24174185523 2.60949200755
29 261 5.07882255854 2.57797472962 0.227820761965 0.227820761965 0.62492966323 0.746031921572 0.888426537907 1.22488433127 2.57797472962
30 270 4.87933853842 2.52845030331 0.216776861455 0.216776861455 0.633849873828 0.734489478965 0.865600599467 1.19671167139 2.52845030331
31 279 5.41541864144 2.65306947084 0.208607779164 0.208607779164 0.636595069385 0.737149801302 0.841136028959 1.13672219716 2.65306947084
32 288 5.84831078926 2.83235966644 0.19728067922 0.19728067922 0.666267658252 0.740003956354 0.824608412948 1.11436669877 2.83235966644
33 297 6.04627742601 2.92829509203 0.185081566738 0.185081566738 0.663465240019 0.736471595738 0.838049869883 1.10540992299 2.92829509203
34 306 6.35431177411 2.87595198796 0.17562163204 0.17562163204 0.646083191274 0.718782254226 0.882248883457 1.09826679474 2.87595198796
35 315 6.9791866691 3.21319335324 0.165043804385 0.165043804385 0.625997776842 0.700957725463 0.866093768867 1.07937532074 3.21319335324
36 324 7.1367629998 3.4944933393 0.151366414894 0.151366414894 0.619064540872 0.720874346217 0.857294817326 1.06308273885 3.4944933393
37 333 7.41176786146 3.47087095964 0.145621045373 0.145621045373 0.625358222814 0.718433933822 0.824368915529 1.03034083453 3.47087095964
38 342 8.26393389724 3.57648898774 0.135887297063 0.135887297063 0.628498150807 0.712697329924 0.792721408419 1.02507392703 3.57648898774
39 351 8.18880054177 3.84739527438 0.128823277088 0.128823277088 0.626635783765 0.718680344717 0.769180915002 1.06542215186 3.84739527438
40 360 9.22494876841 3.96159570321 0.120792334018 0.120792334018 0.609399221119 0.708104911211 0.760874476792 1.09162230651 3.96159570321
41 369 9.16107498503 4.21662739717 0.113586114086 0.113586114086 0.684233846291 0.703480325762 0.747042200837 1.08127375526 4.21662739717
42 378 10.13610557 4.16982367361 0.107991078548 0.107991078548 0.661991518765 0.714171721544 0.724399056049 1.08053463081 4.16982367361
43 387 10.1388089156 4.10129810846 0.0988573377734 0.0988573377734 0.653855178085 0.700599031865 0.705590096941 1.23746586705 4.10129810846
44 396 10.5291724338 4.32172177528 0.0948008785873 0.0948008785873 0.63731173549 0.689509902936 0.696985365169 1.18943135347 4.32172177528
45 405 9.13234908461 4.53447477733 0.0872471984921 0.0872471984921 0.632084896795 0.678927313308 0.69891228917 1.17136863952 4.53447477733
46 414 9.31098486802 4.43678582758 0.0840044821341 0.0840044821341 0.601964963884 0.662173925963 0.696771427162 1.19096714438 4.43678582758
47 423 10.4811911357 4.73208197579 0.0819565415111 0.0819565415111 0.599589736026 0.628752409479 0.710006082867 1.12514503797 4.73208197579
48 432 10.6843046225 5.39562802757 0.078558795424 0.078558795424 0.576870798464 0.637479956898 0.694222077294 1.11863187173 5.39562802757
49 441 11.3858850355 5.40412557704 0.0735631201603 0.0735631201603 0.562926823203 0.632270057291 0.722179606628 1.10239660463 5.40412557704
50 450 11.2602761352 5.60863378417 0.0693623706873 0.0693623706873 0.548262691818 0.649758978559 0.724616679306 1.11430257292 5.60863378417
51 459 13.0196604011 5.37796923798 0.0662835111571 0.0662835111571 0.533350015232 0.648074282561 0.70660865924 1.19924675145 5.37796923798
52 468 14.3794049108 6.49466097326 0.06213056072 0.06213056072 0.529335816803 0.625404040928 0.695672769157 1.17305667999 6.49466097326
53 477 13.8870987673 7.45220660656 0.0599229542793 0.0599229542793 0.516116576574 0.616880409774 0.686351612634 1.13440021339 7.45220660656
54 486 14.522944781 7.45643100852 0.0566652859235 0.0566652859235 0.521989424343 0.626934006646 0.668466767806 1.12411033178 7.45643100852
55 495 12.6804302279 7.72187272899 0.0533842066449 0.0533842066449 0.507031580941 0.621091633977 0.691390896822 1.10744664949 7.72187272899
56 504 13.1608029086 7.34162408126 0.0510355332994 0.0510355332994 0.504094946671 0.606167696421 0.684179384753 1.13074761078 7.34162408126
57 513 14.1555729746 7.88470232021 0.048539320095 0.048539320095 0.496316437869 0.605129160652 0.671705921888 1.11222865165 7.88470232021
58 522 14.5864352568 7.81707840447 0.0458031017036 0.0458031017036 0.474556060254 0.641244461931 0.671870024168 1.13452951615 7.81707840447
59 531 14.141012602 7.75191273982 0.0440148474993 0.0440148474993 0.472919946311 0.634930743692 0.656731261608 1.11549555336 7.75191273982
60 540 14.3951396587 7.76159463373 0.0422990427645 0.0422990427645 0.467983873337 0.615142483821 0.646307140873 1.11614159209 7.76159463373
61 549 14.5300628387 8.11861668034 0.040365979319 0.040365979319 0.449410711805 0.593444275281 0.660247379152 1.09799968646 8.11861668034
62 558 13.657228028 8.45024395963 0.0384996572635 0.0384996572635 0.452959285647 0.572355665478 0.641766316276 1.085260614 8.45024395963
63 567 12.859357109 8.3810140832 0.0358902693366 0.0358902693366 0.43669754719 0.571414571346 0.628688985654 1.14697731944 8.3810140832
64 576 12.2538959966 8.25074591541 0.0346719289146 0.0346719289146 0.433279572658 0.553048063737 0.62938959968 1.13914504031 8.25074591541
65 585 11.8206366981 7.93122013337 0.0325170231765 0.0325170231765 0.434666237776 0.542271369469 0.643772248396 1.12498686358 7.93122013337
66 594 11.8155594973 8.10678664618 0.0317513613347 0.0317513613347 0.410968650461 0.546187075261 0.635509252794 1.08708201232 8.10678664618
67 603 13.2872285194 8.50104687889 0.0299290760345 0.0299290760345 0.389737774132 0.556018486718 0.631348700384 1.06658773689 8.50104687889
68 612 13.8376885034 9.72298434916 0.028236179336 0.028236179336 0.392666358223 0.537622916632 0.614667694464 1.05538725012 9.72298434916
69 621 16.2444589545 10.1599465763 0.027010653809 0.027010653809 0.37236672277 0.537830396117 0.603438372372 1.04148484937 10.1599465763
70 630 18.7306447631 11.7187501004 0.025279307616 0.025279307616 0.37109176 0.532613314871 0.624612274038 1.01531931887 11.7187501004
71 639 18.4832911916 12.3887528508 0.0247740772985 0.0247740772985 0.349906357936 0.521286855771 0.627146784588 1.01490803397 12.3887528508
72 648 20.2313707492 12.1527976246 0.0237843211855 0.0237843211855 0.336264572199 0.507716607214 0.618227661706 1.02090192437 12.1527976246
73 657 22.6212546139 12.8802446337 0.0228322208072 0.0228322208072 0.325294696412 0.504316460763 0.634818085139 1.01499156618 12.8802446337
74 666 23.4186977777 14.576535115 0.0212841161256 0.0212841161256 0.317112564167 0.50654632376 0.649307217084 1.0031741404 14.576535115
75 675 23.5003782494 15.3299628438 0.0202038547888 0.0202038547888 0.308405332303 0.486694219264 0.651109383923 0.967238550039 15.3299628438
76 684 22.0780320007 15.1502021442 0.0193070102502 0.0193070102502 0.297514708838 0.486434391975 0.647748887023 0.968788735728 15.1502021442
77 693 23.3911321856 15.090960967 0.01883274225 0.01883274225 0.287214550543 0.468633095982 0.640302009291 0.935269874249 15.090960967
78 702 28.027795123 16.2926999725 0.0181487569375 0.0181487569375 0.278070182225 0.466773081471 0.631096979351 0.928557971279 16.2926999725
79 711 36.4300922047 19.2791958834 0.0172060409562 0.0172060409562 0.266438997869 0.451422339527 0.622423158327 0.939714904619 19.2791958834
80 720 45.8324158144 19.621007486 0.0171848461392 0.0171848461392 0.26714036068 0.444788216944 0.621571313883 0.949627635272 19.621007486
81 729 53.5664591179 20.6061372287 0.0158318511338 0.0158318511338 0.263827061714 0.443564698935 0.612229754627 0.951266046221 20.6061372287
82 738 64.4256687192 21.0447775582 0.0150887015149 0.0150887015149 0.260881550239 0.436003860025 0.623867476788 0.948269103844 21.0447775582
83 747 70.4012248065 21.0285059259 0.0143613036338 0.0143613036338 0.253461934749 0.439619819586 0.682933484235 0.992160197742 21.0285059259
84 756 85.524703988 22.4883966425 0.013579501622 0.013579501622 0.250807644241 0.431080830851 0.692234457532 0.96237056158 22.4883966425
85 765 92.3692164303 24.8357652177 0.012692047084 0.012692047084 0.246516310816 0.430187218605 0.700280270926 0.968748177378 24.8357652177
86 774 83.4012325617 25.4789437342 0.0122101859215 0.0122101859215 0.242205589789 0.414727788577 0.69989120887 0.961417317583 25.4789437342
87 783 83.8406509347 24.6306543296 0.0115607880613 0.0115607880613 0.238492114425 0.410478661884 0.689842133725 0.950557871738 24.6306543296
88 792 82.6203343398 24.3020515764 0.01102287188 0.01102287188 0.247888106466 0.395193345934 0.699924717962 0.944244356804 24.3020515764
89 801 77.6285301234 24.0271090085 0.0104327340501 0.0104327340501 0.244698131764 0.391470046936 0.703436194537 0.93852278328 24.0271090085
90 810 82.7624137409 22.7467218494 0.0100266092922 0.0100266092922 0.234308930504 0.388951880673 0.695361886754 0.985282870552 22.7467218494
91 819 84.453189379 24.7111913235 0.00954417758782 0.00954417758782 0.236402904697 0.387853734473 0.6573007092 0.994349653386 24.7111913235
92 828 85.6406980526 23.7725293501 0.0095108777013 0.0095108777013 0.235372297012 0.395927687095 0.63483858838 0.996502156877 23.7725293501
93 837 79.3240954715 25.0346810952 0.00929758209033 0.00929758209033 0.232555587761 0.378891475472 0.629621863092 0.971213430111 25.0346810952
94 846 78.2295474231 24.1910675969 0.00903601139314 0.00903601139314 0.234723534717 0.38700201121 0.628825322396 0.923516912888 24.1910675969
95 855 74.287792303 22.9609857616 0.00848720802474 0.00848720802474 0.240766902172 0.401723185391 0.62746260159 0.925965820664 22.9609857616
96 864 73.5506554031 22.4662867126 0.00808611655945 0.00808611655945 0.233949218505 0.392831506035 0.604119829659 0.964823285003 22.4662867126
97 873 60.0662041062 22.6324605151 0.00765136699129 0.00765136699129 0.234802363413 0.387569761458 0.583990379524 0.956889876671 22.6324605151
98 882 60.3753220547 21.9555420152 0.0071889170202 0.0071889170202 0.229515481477 0.386301454746 0.588194398219 0.999821592646 21.9555420152
99 891 61.5024224493 23.8366080216 0.00677488102201 0.00677488102201 0.222915963229 0.386509170382 0.585071730378 0.989627039563 23.8366080216
100 900 64.6631266611 24.5610360905 0.0063029475237 0.0063029475237 0.221843353633 0.37018911605 0.591635619339 1.00492906049 24.5610360905
101 909 66.7798893884 25.813050485 0.00617240536957 0.00617240536957 0.212730905745 0.368654067753 0.605540253302 1.02187283205 25.813050485
102 918 63.6075709822 25.7815311277 0.00594310751406 0.00594310751406 0.218141145404 0.376041969725 0.597816864486 1.01477054899 25.7815311277
103 927 71.0378597435 24.8351640207 0.00574503644226 0.00574503644226 0.220597859336 0.366997302935 0.56754127776 1.02284877958 24.8351640207
104 936 76.4911538685 24.5243470352 0.00544487129327 0.00544487129327 0.229274724923 0.365110512771 0.629504051457 0.997273085929 24.5243470352
105 945 79.4270954513 25.3315528439 0.00525239211686 0.00525239211686 0.226717196724 0.361322239981 0.6308383448 1.0579203222 25.3315528439
106 954 81.4120634293 25.3876683882 0.00502774524209 0.00502774524209 0.232185751924 0.357072001682 0.63275867609 1.05946435452 25.3876683882
107 963 92.7823852326 27.6258395126 0.0046442313836 0.0046442313836 0.226006618325 0.361405166199 0.61888889846 1.04758379212 27.6258395126
108 972 109.058564986 27.0035284485 0.0043525399289 0.0043525399289 0.230584078326 0.373716712888 0.623961508067 1.08707140936 27.0035284485
109 981 110.12898988 28.3399337275 0.00415191989542 0.00415191989542 0.227755896568 0.403369175853 0.624305124972 1.06111712389 28.3399337275
110 990 117.355048386 27.6555521791 0.00404881895487 0.00404881895487 0.227461945596 0.398307655649 0.63685585105 1.02675268549 27.6555521791
