% # columns=["iteration, evaluation, sigma, void, void,  stds==sigma*sqrt(diag(C))", seed=753114, Tue Jun 30 10:35:26 2015
0 0 2.0 0 0 2.0 2.00001666674 2.00003333361 2.00005000063 2.00006666778 2.00008333507
1 9 1.93678458849 0 0 1.94032387539 1.88531401788 1.87282885307 2.0292226556 1.87641728621 1.90378287504
2 18 1.95649965602 0 0 1.97282102366 1.88151540415 1.86448238877 1.99325063867 1.96448765717 1.91161730138
3 27 2.28570765981 0 0 2.26703635039 2.18966430169 2.41467581208 2.28111032846 2.81683834967 2.20398741555
4 36 2.11295226388 0 0 2.06476537018 1.98358997753 2.15907204076 2.01772549213 2.55011556118 1.99955691024
5 45 1.75849665116 0 0 1.67496629609 1.58013155478 1.76161688686 1.65688424344 2.0743541742 1.60092608142
6 54 1.75252436181 0 0 1.77662388579 1.55186181148 1.76916527597 1.61995882596 2.0719771289 1.56566300404
7 63 1.90581141007 0 0 1.87813826912 1.86022392902 2.02666869961 1.72079767558 2.18578501962 1.62916627133
8 72 2.32005611213 0 0 2.3652592553 2.41750138084 2.45423213934 2.05645474814 2.57186223022 1.97295469293
9 81 2.49403713477 0 0 2.46081280363 2.6145068584 2.45263750893 2.23616912972 2.67203334984 2.08245669838
10 90 2.10245498432 0 0 2.02354535076 2.14323979587 2.00288905656 1.79492537715 2.19654688429 1.72630939843
11 99 1.99373864521 0 0 1.94337703707 1.97099080898 1.83241233016 1.62951457276 2.01167015559 1.69061924787
12 108 1.7690658168 0 0 1.68059215973 1.71831073195 1.57211630083 1.45216792765 1.76613250177 1.46742395319
13 117 1.55348854461 0 0 1.43563451576 1.48667678858 1.29613202826 1.23030880825 1.55975879208 1.27429671733
14 126 1.37983108265 0 0 1.29034101337 1.29218167194 1.12716922532 1.05786554401 1.34605105418 1.11287167542
15 135 1.25162628044 0 0 1.15067220168 1.13218958297 0.971559264475 0.958699337735 1.17178320161 0.989241674844
16 144 1.13398733873 0 0 1.03794261103 1.04405908152 0.822651543136 0.844855688448 1.09393983278 0.86805379012
17 153 1.25974954814 0 0 1.13495132773 1.23569315321 0.85319031322 0.959165083309 1.2981900609 1.02214099034
18 162 1.1996107982 0 0 1.06725237845 1.16523644466 0.769673457218 0.881275274206 1.2776339043 0.967270334438
19 171 1.17952023753 0 0 1.03927315783 1.16000706078 0.723666086813 0.83524311259 1.2574862018 0.931800843465
20 180 1.17668346428 0 0 1.06565264798 1.12921240417 0.673940270896 0.850083026111 1.23910036189 0.951891187133
21 189 1.26431890113 0 0 1.28341898429 1.20240546553 0.686583596349 0.917663847893 1.30749607435 0.991548235128
22 198 1.15957332368 0 0 1.16953655562 1.12340065503 0.586814345497 0.822767266392 1.15924921739 0.901836585827
23 207 1.1896774417 0 0 1.24263360004 1.13435727208 0.571525360657 0.819941807367 1.29722368113 0.910238550827
24 216 1.22018404545 0 0 1.25675966469 1.19204586446 0.551131256118 0.860826700414 1.33697135741 0.93701512042
25 225 1.26881491533 0 0 1.25759824183 1.3271558505 0.539501615168 0.871355974253 1.39987599174 0.956757840597
26 234 1.53520639535 0 0 1.44484077508 1.86740353006 0.615469178786 1.19755700052 1.64704792857 1.15940744034
27 243 1.75635501931 0 0 1.77490131961 2.23745877237 0.664178790008 1.4182872688 1.78479807512 1.29309914752
28 252 1.70609643647 0 0 1.70520523855 2.1483471163 0.615451315647 1.35270654953 1.69469283346 1.25342883898
29 261 1.55086570398 0 0 1.56027186071 1.93390322138 0.520514747451 1.19831328049 1.46061213511 1.17330346588
30 270 1.40840326401 0 0 1.40465254106 1.72030881978 0.45347378898 1.05209599591 1.30159445911 1.05481181977
31 279 1.54842489529 0 0 1.70169720882 1.88763378413 0.481862425705 1.1095130856 1.47434024195 1.27579279021
32 288 1.48649570396 0 0 1.65105688977 1.74325339359 0.437748907822 1.0381830789 1.39010188964 1.2564412647
33 297 1.49139731382 0 0 1.71148575623 1.71435586618 0.423006556752 1.04384856308 1.34197206857 1.30710049222
34 306 1.41071281885 0 0 1.6269203838 1.59731237202 0.38235200703 0.984974611306 1.26194202941 1.20525256373
35 315 1.35521669199 0 0 1.58562703564 1.51409205566 0.355586656964 0.956587883214 1.14894555119 1.12384430021
36 324 1.13055119968 0 0 1.31277928995 1.25397663534 0.286292445509 0.762087374112 0.943936958431 0.977267886979
37 333 1.15246580339 0 0 1.38856454876 1.26123758903 0.280231558399 0.797017887268 0.934293991004 1.03433697411
38 342 1.08675836521 0 0 1.30387269355 1.15328429995 0.250071442008 0.732005438514 0.858587606389 0.953750393777
39 351 1.04455962505 0 0 1.28938421444 1.10292555745 0.229576854104 0.676922111574 0.801984753086 0.904633838965
40 360 0.924380363246 0 0 1.10731421368 0.998834565094 0.197135659504 0.581641640151 0.716669900799 0.750476699061
41 369 0.819858660385 0 0 0.962648743016 0.859839825878 0.170793793317 0.518847167121 0.605602369203 0.64391418723
42 378 0.791080132639 0 0 0.888842243192 0.806373376868 0.160316322018 0.511210900499 0.577307124913 0.60403044991
43 387 0.689929531277 0 0 0.770468502625 0.674694734976 0.137002601429 0.432170590413 0.476440740435 0.504648092068
44 396 0.752342263676 0 0 0.920249040038 0.737723919917 0.148783175181 0.455112440375 0.526561208478 0.519841184779
45 405 0.699569938372 0 0 0.84218955047 0.671606262794 0.135408009604 0.432539332605 0.483034248087 0.454815156319
46 414 0.64212164245 0 0 0.786795926146 0.606784694672 0.120585932903 0.388621242437 0.442628291065 0.396893490995
47 423 0.590125655803 0 0 0.712403384172 0.537344219397 0.110472055514 0.35401925673 0.395193147623 0.337036364313
48 432 0.639360906491 0 0 0.792030092102 0.575286018658 0.119505918736 0.378223280119 0.451924828858 0.341878795527
49 441 0.665424470605 0 0 0.828687360117 0.60196159471 0.120642560569 0.38674959658 0.463651186851 0.34211803775
50 450 0.643631078194 0 0 0.800865772929 0.592241232493 0.11193003002 0.378831144462 0.439700415822 0.307359686099
51 459 0.610269366145 0 0 0.777218269812 0.567317483109 0.104168040722 0.36303807142 0.408523640082 0.271760877331
52 468 0.572841369592 0 0 0.743997331471 0.531275059073 0.0956647097793 0.339150866372 0.373666201268 0.238702131125
53 477 0.609702238272 0 0 0.767031621832 0.628341338438 0.101675009217 0.386812286718 0.391293333749 0.23811179278
54 486 0.594543751914 0 0 0.722224858908 0.615616610184 0.0959954276157 0.371398095022 0.377424824473 0.224535449236
55 495 0.578255470996 0 0 0.743766007791 0.613970323662 0.0896744667963 0.363195375567 0.365917970339 0.20750212093
56 504 0.540115899014 0 0 0.702098087375 0.564777789245 0.0815476031593 0.332919251811 0.333456769187 0.182331429232
57 513 0.520546433406 0 0 0.658890072487 0.535845191699 0.0821576206718 0.332728324755 0.318106760487 0.172054049459
58 522 0.451735962465 0 0 0.554047497043 0.467598809791 0.0703811234451 0.286002824197 0.261367079682 0.142945703778
59 531 0.39811887494 0 0 0.503703043935 0.396983372614 0.0611046214875 0.242870142466 0.228636104759 0.118274323667
60 540 0.383674267014 0 0 0.484915303762 0.412892491948 0.055153407708 0.226573888326 0.226433248487 0.107634473015
61 549 0.39661861458 0 0 0.529718885644 0.44525114301 0.0559847791123 0.238208422441 0.239775225204 0.106454439512
62 558 0.425864423495 0 0 0.607920001069 0.467353749656 0.0603610584822 0.270937418994 0.248766650973 0.11111727108
63 567 0.422475841547 0 0 0.615292256886 0.44873752592 0.0580567362162 0.280773929093 0.247580026186 0.10517476328
64 576 0.413177855022 0 0 0.613291991851 0.433567543321 0.0544665278353 0.27859801085 0.239432047345 0.101234447734
65 585 0.40570259362 0 0 0.596183704562 0.419918674638 0.0529838290133 0.269395584302 0.254866735832 0.0971062774381
66 594 0.433921372581 0 0 0.639542453908 0.485883576209 0.0542105472864 0.301290395616 0.280548989421 0.100124632538
67 603 0.456106176346 0 0 0.664212121374 0.511718895983 0.0542895968029 0.309896014009 0.303368271118 0.100827239889
68 612 0.498100767546 0 0 0.754552210325 0.543728381846 0.0578427063861 0.325956748767 0.353322490668 0.104970817887
69 621 0.534395566003 0 0 0.838998310109 0.57083031653 0.0603109052688 0.346073292366 0.390944941118 0.109932455432
70 630 0.539136264226 0 0 0.886081118959 0.590199278715 0.0591603153166 0.34669689129 0.398402156323 0.108177510346
71 639 0.555471772931 0 0 0.904021954761 0.592015241881 0.060314888859 0.359620571176 0.439589681576 0.106433588109
72 648 0.563630432734 0 0 0.973176884996 0.651074369642 0.059664457471 0.362471521762 0.451032925539 0.10478881543
73 657 0.568202973054 0 0 0.982554690484 0.632865041207 0.0593063764077 0.376667201915 0.461146880432 0.102873552801
74 666 0.5011010508 0 0 0.850589529015 0.582571164812 0.0507421099371 0.33028059257 0.394899349252 0.085307854692
75 675 0.508660054541 0 0 0.838187979867 0.570209177499 0.0497432883395 0.330270709574 0.416288656248 0.081762421118
76 684 0.440524996735 0 0 0.70597430878 0.489748779561 0.0431034615932 0.282335129515 0.358232666966 0.0661814547616
77 693 0.398892597214 0 0 0.637009332476 0.448931482513 0.0380661289948 0.253732941807 0.320004853208 0.058031305774
78 702 0.391687478844 0 0 0.60851767003 0.464164676655 0.0365856559007 0.238190672615 0.298233449358 0.0553214618168
79 711 0.357218100504 0 0 0.573190508565 0.415082494565 0.0325651599796 0.207110028821 0.262945957746 0.0477198491122
80 720 0.328858420158 0 0 0.514156930743 0.369628844765 0.0294076052361 0.194373803752 0.239152892823 0.0425440803648
81 729 0.383571715698 0 0 0.587280106389 0.461325086732 0.0335774536178 0.240745739802 0.332205557351 0.0479693230627
82 738 0.40440975029 0 0 0.6045335795 0.483578634851 0.0341809102627 0.2607225114 0.365363927662 0.0481045672029
83 747 0.367048664169 0 0 0.52755040765 0.413919254537 0.0305329749174 0.235824379433 0.326876334663 0.0414129491598
84 756 0.315820441793 0 0 0.436695661009 0.357034606234 0.0252713884484 0.20137113243 0.271610628957 0.034176543578
85 765 0.273942838071 0 0 0.371295759748 0.308571729028 0.0212514376841 0.168470799002 0.235856950213 0.0285268682312
86 774 0.270884590456 0 0 0.360800811826 0.295123381046 0.0206867252179 0.174169539503 0.232358839494 0.0274696805586
87 783 0.293544606521 0 0 0.378473893308 0.312177796969 0.022097881048 0.197985241751 0.246205352027 0.029073519225
88 792 0.267993966421 0 0 0.332834756248 0.284292658374 0.0194641663674 0.178558856859 0.215756758961 0.0253742693482
89 801 0.23536309909 0 0 0.280756917673 0.245249181758 0.0170900723198 0.161724867421 0.185935285467 0.0222725132644
90 810 0.197387868078 0 0 0.225554305776 0.199622167795 0.0139751276115 0.131688841789 0.149428563887 0.0180638569177
91 819 0.190862060087 0 0 0.223254341392 0.192090330288 0.0138509701956 0.123256608451 0.142235792363 0.0166093960885
92 828 0.206994520197 0 0 0.241178071371 0.207504407335 0.0159353671686 0.143733378102 0.154625702129 0.0181135231783
93 837 0.216138201667 0 0 0.258092482219 0.213565457932 0.0169930096109 0.147123442732 0.157147799882 0.0187630272886
94 846 0.216431314665 0 0 0.250089740686 0.208881600077 0.0179375573537 0.143255734838 0.154630610096 0.0185068342859
95 855 0.209743201423 0 0 0.234933208936 0.202973065765 0.0173383772952 0.135058274418 0.146448509617 0.017305042247
96 864 0.226541272101 0 0 0.270696247856 0.231300678848 0.0187086976689 0.139748878887 0.153437385775 0.0180654166586
97 873 0.214528666696 0 0 0.259641311963 0.219584750473 0.0179043418648 0.129815105502 0.142972273141 0.0170164544341
98 882 0.214711466118 0 0 0.263833828613 0.228212080344 0.0184289309376 0.128141437259 0.141968636437 0.0169644275792
99 891 0.182158272962 0 0 0.22635923703 0.189459410558 0.0155617885878 0.103378031421 0.115990029266 0.0139573782071
100 900 0.169422952364 0 0 0.212118669082 0.180622807485 0.0142900419891 0.095218677247 0.10743171245 0.0127079199965
101 909 0.156634789698 0 0 0.194016611413 0.163832839973 0.0133928691765 0.0895362603293 0.10264171783 0.0113099045455
102 918 0.137132675041 0 0 0.171803291816 0.143844743103 0.011394299546 0.0768742417203 0.0878492133883 0.00958823501675
103 927 0.131274159886 0 0 0.164490528802 0.134668430553 0.0108504446928 0.0703992857974 0.0790793579411 0.00893700745503
104 936 0.1135392076 0 0 0.137910461232 0.113808994789 0.00912259131407 0.0583842525971 0.0661290969318 0.00741143131358
105 945 0.0964744138407 0 0 0.114355879478 0.0993279687739 0.00732749429672 0.0493348762478 0.0547963653319 0.00626290999849
106 954 0.081931165645 0 0 0.0990481544206 0.084551310473 0.00603891782648 0.0400489562771 0.0444398429399 0.00517864513064
107 963 0.0779404160619 0 0 0.0913087744164 0.0792566633117 0.00600713039257 0.0388226205575 0.0416318739469 0.00500875839826
108 972 0.0728121541591 0 0 0.0849816722086 0.0704908565808 0.00544993677569 0.0348595388671 0.0375731566097 0.00449442176835
109 981 0.0694919625097 0 0 0.0814707194674 0.0680219800638 0.00512711558572 0.0328836851947 0.0349265709544 0.004206499813
110 990 0.070800276548 0 0 0.0809480401913 0.0692853108425 0.00509131713043 0.0324898761116 0.0345050067162 0.00415498500966
111 999 0.0710052668611 0 0 0.0817837240967 0.0735281253532 0.0050640459598 0.0316619345247 0.0331687385718 0.00403272283129
112 1008 0.0771466817911 0 0 0.0904703422721 0.0784776053275 0.00589227915423 0.0328438510634 0.0347573583848 0.00425427449481
113 1017 0.0743955013885 0 0 0.0847415954212 0.0717452741993 0.0055672585625 0.030767478229 0.0324075826063 0.00400810717155
114 1026 0.075242120158 0 0 0.0851805557841 0.0708891367196 0.00562946119648 0.0311721304371 0.0313249643148 0.00404894536761
115 1035 0.0712623193106 0 0 0.0787128019478 0.0683930444642 0.00534286921006 0.0286805925557 0.0282186378017 0.00386212705547
116 1044 0.0644926035099 0 0 0.070173850789 0.0618969084398 0.00486797471958 0.0247389907579 0.0244927360237 0.00342429499207
117 1053 0.0615731119206 0 0 0.0681774497597 0.060682149574 0.00459116812777 0.0227243420174 0.0224446407674 0.00319725214421
118 1062 0.0574155971867 0 0 0.0616578216128 0.0565539492278 0.00428907564118 0.0205239559056 0.0194639476136 0.00288515500208
119 1071 0.0601673941083 0 0 0.0635417886472 0.0617647555178 0.00467896032026 0.0235153664823 0.0199811682034 0.00334200572137
120 1080 0.0709190310929 0 0 0.0739435099913 0.0749683635134 0.00570637527782 0.0289517432096 0.0231055938191 0.00422527092528
121 1089 0.0710522184244 0 0 0.0713913960781 0.0760803491158 0.00548281844892 0.0283271841727 0.0227661097238 0.00415368201473
122 1098 0.0654157758915 0 0 0.0627387624606 0.0690561752185 0.00497560104304 0.0256303980749 0.0201983461291 0.00378024969995
123 1107 0.0637910602261 0 0 0.0635254517018 0.0715723793108 0.00466700215175 0.023992991113 0.0190131439728 0.00358799307752
124 1116 0.0565166562256 0 0 0.0550123125253 0.0635055043091 0.00408996838212 0.0208880719211 0.0163467239186 0.00312517169199
125 1125 0.0525960360689 0 0 0.0522384162761 0.0581446303605 0.00370529385073 0.0191284277017 0.0145896385499 0.00287878202872
126 1134 0.0546570743245 0 0 0.0539854762445 0.0623465031571 0.00382251492342 0.0193079088047 0.0141716257169 0.0029461931972
127 1143 0.0523116739154 0 0 0.0514829160026 0.0602215125498 0.00353374914269 0.0182349374562 0.0129884303766 0.00275300942724
128 1152 0.048864275267 0 0 0.0472327533538 0.0552329932691 0.00322797468821 0.0165178332435 0.0119455894097 0.00251261000888
129 1161 0.0507717642501 0 0 0.0522770308898 0.0614553657584 0.00331860913321 0.0168303839993 0.0123648202334 0.00260517390802
130 1170 0.0533443843019 0 0 0.0588771524901 0.0637153947854 0.00337717791332 0.0170637005491 0.0127243133877 0.00265723533293
131 1179 0.0616308985661 0 0 0.0816778929206 0.0790421578597 0.00381887993643 0.0193774485277 0.0139715502692 0.00299772031635
132 1188 0.0669783794478 0 0 0.0957157500584 0.0934293462332 0.00409678589902 0.0220577025584 0.015450946389 0.00338162831164
133 1197 0.0755118490142 0 0 0.118587042247 0.109757352512 0.0045684517691 0.0253835019242 0.0164827244279 0.00395990162338
134 1206 0.0717204048848 0 0 0.112739027153 0.10425708766 0.00424823741677 0.0242930015092 0.0153587018876 0.00379924291519
135 1215 0.072646890397 0 0 0.115247149244 0.110489227998 0.00413941263838 0.0240983583288 0.0151200073516 0.00377751663727
136 1224 0.0700415185632 0 0 0.11442991752 0.110386002201 0.00385288667735 0.0233472771007 0.0143150313511 0.00363639132442
137 1233 0.0795886992564 0 0 0.149924812962 0.135978102072 0.00436744950339 0.0274928775903 0.015741929039 0.00427703950932
138 1242 0.110896771264 0 0 0.230755258333 0.19445072355 0.00630525609343 0.0383883623746 0.02146856594 0.00600498714364
139 1251 0.144728149476 0 0 0.316173935691 0.260900901027 0.00803657777975 0.0484497941152 0.0274626182062 0.00754168244521
140 1260 0.163097907916 0 0 0.357369395713 0.291539354136 0.00882471486583 0.052906751672 0.0296312554345 0.00825323311668
141 1269 0.164516079123 0 0 0.344526002343 0.287865081289 0.0085507522165 0.0526560320351 0.0287923904238 0.00817337238166
142 1278 0.177007791713 0 0 0.371178691398 0.297451002138 0.00902271891035 0.0568680200635 0.0298176609419 0.00875489774258
143 1287 0.167835805458 0 0 0.355455409712 0.284741839362 0.00827459915346 0.051807279315 0.0269217020274 0.00798576408206
144 1296 0.177575638404 0 0 0.416245519283 0.333506649482 0.00870847884965 0.0564866227085 0.0272889022604 0.00855298816634
145 1305 0.175209590859 0 0 0.416342567261 0.34113935824 0.00833550288773 0.0544384269899 0.0267744682154 0.00821554369983
146 1314 0.174618795859 0 0 0.43908732627 0.348679733427 0.00787012203601 0.0522788625903 0.0255441904869 0.00782833461592
147 1323 0.155153111546 0 0 0.383368074875 0.302206354403 0.00689124314842 0.0447188506002 0.0217733030613 0.00674795981213
148 1332 0.138827014742 0 0 0.335064577311 0.261868233207 0.00583476191626 0.0386939938526 0.0190333149248 0.00580388535921
149 1341 0.160931798015 0 0 0.413213582107 0.329499632152 0.00658669088976 0.0443873169081 0.0210095859242 0.00678602307481
150 1350 0.213238839696 0 0 0.579163536928 0.457595467331 0.00838700186743 0.0583196029492 0.0274455674819 0.00894583417817
151 1359 0.284100438321 0 0 0.804372844706 0.635987941609 0.0109322549882 0.0771334890658 0.0366120011181 0.0117402197036
152 1368 0.32444084854 0 0 0.908843167035 0.738179726957 0.0122721260657 0.0885405964882 0.0395252861471 0.0134412339804
153 1377 0.344346110771 0 0 0.955872062276 0.779868368215 0.0126819609798 0.093238628177 0.0397661384241 0.0142119918741
154 1386 0.34792136095 0 0 0.922682686876 0.760103684427 0.0125541407253 0.0942753932374 0.0433639361895 0.0142028132708
155 1395 0.315781902413 0 0 0.81252201723 0.676852330505 0.0107434477614 0.0826590001857 0.0387304169691 0.0124474373746
156 1404 0.321771914903 0 0 0.87071446314 0.704101492696 0.0109309342315 0.0859112346304 0.0377533801696 0.0128079886519
157 1413 0.350949341519 0 0 1.04312465034 0.822190557038 0.0116762703452 0.0921297080183 0.0403145245439 0.0136159012514
158 1422 0.344793080947 0 0 1.02640855363 0.809816674434 0.011545839652 0.0900020051718 0.0383083271796 0.0132846736355
159 1431 0.332147345313 0 0 0.976378025586 0.788225593532 0.0109023388701 0.0831744802459 0.0351207146871 0.0122813237737
160 1440 0.36532536834 0 0 1.18858149428 0.998525721048 0.0117660112659 0.0920655913936 0.0381217593798 0.0135510429865
161 1449 0.403358426392 0 0 1.34857424049 1.1611998023 0.0126488305229 0.097849690621 0.0393230874232 0.014431809906
162 1458 0.410102953043 0 0 1.36931040962 1.19820257041 0.0126729299208 0.098773579448 0.0400253314625 0.0145281785653
163 1467 0.454760625058 0 0 1.68384766929 1.47508881371 0.0135556785461 0.105631236269 0.0433696524705 0.0155296467469
164 1476 0.467892038577 0 0 1.74324543588 1.54392519254 0.0134651285031 0.106178198353 0.0427507155597 0.0157004593724
165 1485 0.553514355131 0 0 2.46345835143 2.16775966059 0.0155631145459 0.125154676806 0.0490138388538 0.018382037533
166 1494 0.623257455163 0 0 2.90302869034 2.5132973514 0.0169418577614 0.14512112165 0.053952423261 0.0214752794317
167 1503 0.694341946407 0 0 3.55483370018 3.04489458956 0.0184241679258 0.163899251096 0.0592707548598 0.0241328802286
168 1512 0.740533936525 0 0 3.93145571188 3.37246775697 0.0194273513769 0.169470592955 0.061510908948 0.0249800383005
169 1521 0.861392897247 0 0 4.88671942508 4.19222211094 0.0253256006302 0.192936407768 0.0694777152707 0.0285410261839
170 1530 0.833225899304 0 0 4.78975749207 4.14445432132 0.024033801827 0.175607073548 0.0649758844178 0.026066322028
171 1539 0.993443375204 0 0 7.0345906909 6.12940862275 0.0284231145123 0.200136841818 0.076427025559 0.0299218527737
172 1548 1.16845511461 0 0 9.06178068267 7.98204504355 0.033981121453 0.227072178319 0.0872211519825 0.0338951943183
173 1557 1.26131768748 0 0 10.291491695 9.07216035223 0.0361958819752 0.23787074158 0.0943005331389 0.0354366531991
174 1566 1.23095597177 0 0 10.060578168 8.83458931849 0.0345065577862 0.227843808226 0.0885295374839 0.0341067921582
175 1575 1.28540059289 0 0 10.8533582573 9.4686926575 0.0340474904737 0.250141437168 0.0918943688847 0.0373195301313
176 1584 1.29990723458 0 0 11.3673547649 9.97183419851 0.0343033553972 0.246290335595 0.0894273331631 0.0368899067091
177 1593 1.13227910331 0 0 9.6799715389 8.51663572244 0.0294811181705 0.204707414301 0.0746601709497 0.0308023646759
178 1602 1.08557989145 0 0 9.01265181918 7.94367494402 0.0278807836033 0.199471951392 0.0693441840226 0.0303008159713
179 1611 1.11796521135 0 0 9.29017599391 8.22225776534 0.0285871971645 0.194533894618 0.0716746131282 0.0295923131355
180 1620 1.20362463408 0 0 10.4052203395 9.15068879577 0.0308939422824 0.206888929491 0.0739449325078 0.0313300596183
181 1629 1.43115033695 0 0 13.2548669376 11.7156227625 0.0370775131228 0.244266809951 0.0849800028624 0.036916520952
182 1638 1.52435057122 0 0 14.3796072629 12.7683482623 0.0415104218078 0.256726467822 0.0877707887449 0.0388771726071
183 1647 1.4968958239 0 0 14.5370453247 12.9720215377 0.0410157398488 0.247620809528 0.0857374905978 0.0375349544237
184 1656 1.58530945507 0 0 17.6929752206 15.7238103336 0.0452073796324 0.252061402711 0.0865201213997 0.0382843967554
185 1665 1.68613327389 0 0 19.3844266224 17.1310139648 0.0508767614183 0.263878284892 0.0897164657008 0.0402251888877
186 1674 1.74575737561 0 0 19.9185041626 17.7048641332 0.0551640225232 0.265487196136 0.0914419797273 0.0401960475582
187 1683 1.57385366665 0 0 18.1726179062 16.1309861255 0.0484257817275 0.231946046922 0.0792256404085 0.0351776862404
188 1692 1.58287418945 0 0 18.0333376709 15.9388176575 0.0478965838123 0.228010400738 0.0788125610015 0.0346672605387
189 1701 1.52324782257 0 0 16.8386693997 14.8899982636 0.0448499250524 0.216407182677 0.0733696857305 0.0332968696222
190 1710 1.28849207067 0 0 13.6826204463 12.0975792216 0.036388862829 0.17601046517 0.059999522855 0.0272648990344
191 1719 1.24358036105 0 0 12.9184482423 11.4271522496 0.0338963314286 0.160716832603 0.0568666689944 0.0251623294922
192 1728 1.20994156358 0 0 12.1080446328 10.6866103903 0.0326757330857 0.148460393216 0.0546049551891 0.0231254219284
193 1737 1.10940904803 0 0 10.6227075941 9.37217381324 0.0293507563478 0.133259906459 0.0503374901865 0.0206362299628
194 1746 0.955778046594 0 0 9.07269384014 7.9832880668 0.0248266364272 0.1125812911 0.0410879981066 0.017510817798
195 1755 0.882213838608 0 0 8.1465817055 7.19155759671 0.0218266654297 0.101971639354 0.0371517623572 0.015890296908
196 1764 0.758219637885 0 0 6.82683087444 6.02017421381 0.0185004281431 0.0839430461898 0.0312177240951 0.0130678388245
197 1773 0.754203788203 0 0 6.93003880414 6.08353094499 0.0181402049401 0.0847804911472 0.0302946399082 0.0133594466117
198 1782 0.777577203786 0 0 6.80729473926 5.97518246917 0.0176244216644 0.0893072898125 0.029716279454 0.0141751247446
199 1791 0.844610008063 0 0 7.27015665465 6.35602487377 0.018235675329 0.101896500916 0.0316239495333 0.0165308288717
200 1800 0.851316262763 0 0 7.29148225783 6.3673870726 0.0185196393157 0.10151794055 0.0322196326267 0.0166246158457
201 1809 0.760614224717 0 0 6.16519823975 5.38682667602 0.015652453933 0.0885733316866 0.0282268939365 0.0145167613855
202 1818 0.805380328136 0 0 6.80178555395 5.93398252662 0.0166605926708 0.0894635829929 0.0299170033968 0.0147905025354
203 1827 0.754616390918 0 0 6.05281809869 5.27562148439 0.0151495261654 0.0799394126811 0.028122670175 0.0132375828004
204 1836 0.825381454786 0 0 6.74774244489 5.80509501397 0.01697150219 0.0880364135676 0.030389747124 0.0148920093915
205 1845 0.715399868925 0 0 5.5720343772 4.79423844507 0.0140891415431 0.0729008241914 0.0255932497106 0.0123417164164
206 1854 0.671571284353 0 0 5.42967235853 4.67051747121 0.0135567113907 0.067916869642 0.0233417621624 0.0115700114528
207 1863 0.583346105274 0 0 4.65751492305 3.99986337184 0.0117154734329 0.0568742092249 0.01975547341 0.00964401682398
208 1872 0.571112289286 0 0 4.50261561571 3.86039465356 0.0119914570301 0.0535748763102 0.0189091645485 0.00914123102748
209 1881 0.578851420782 0 0 4.53484166577 3.90101023772 0.0118520614423 0.0530468972977 0.0187757341611 0.00918028414544
210 1890 0.597620505324 0 0 4.89549742444 4.19148600997 0.0122982495512 0.0560976420869 0.0186231427718 0.00993922229817
211 1899 0.540700326678 0 0 4.2619475669 3.63924607595 0.0108084162901 0.0497403853842 0.0162779162869 0.0088183959721
212 1908 0.475226067972 0 0 3.59356459638 3.06204146486 0.00935386267648 0.0426340383965 0.0140754136802 0.00758482654349
213 1917 0.426275573399 0 0 3.13003385704 2.66983524606 0.00823996012899 0.0350769039957 0.0123895753899 0.00633432399836
214 1926 0.347532281508 0 0 2.42896445471 2.07169972312 0.00654695576308 0.0266637837595 0.00998790314737 0.00482194653105
215 1935 0.306785640864 0 0 2.07428079089 1.7703683501 0.00565295177818 0.0229597514521 0.00858822343796 0.00413938809945
216 1944 0.247601010899 0 0 1.65029668372 1.41061535771 0.00451847689057 0.0180913898406 0.00670595999915 0.0032629644908
217 1953 0.230967424525 0 0 1.46526973459 1.25880570893 0.00408639145763 0.0159122645028 0.00598778220545 0.00288575779908
218 1962 0.189589007647 0 0 1.15030844419 0.992692446498 0.00321324880897 0.0128047480671 0.00489265286569 0.00233075557177
219 1971 0.180340418176 0 0 1.0549055974 0.906202323491 0.0029705018676 0.0119814638705 0.00464083933615 0.00218868460567
220 1980 0.174038551282 0 0 0.990691254836 0.851603948181 0.00285242762301 0.0111485290386 0.00440824322924 0.0020444650214
221 1989 0.181648627513 0 0 1.03701146106 0.884020147845 0.00289702605022 0.0112926097089 0.00458151319272 0.00205059624912
222 1998 0.167031771689 0 0 0.930362860184 0.79160862405 0.00263290505538 0.0101587607881 0.00409226748303 0.00184952341577
223 2007 0.13397234112 0 0 0.715995024586 0.608676383392 0.00202106221141 0.00796321205934 0.00318155752003 0.00144517293868
224 2016 0.135663321992 0 0 0.726730613544 0.618820586372 0.00213643945366 0.00815374269867 0.00315395329314 0.00147754248357
225 2025 0.149247884982 0 0 0.769692210468 0.662902144504 0.00242215028607 0.00875686313253 0.00335439222687 0.0015897886561
226 2034 0.174673981904 0 0 0.883021135297 0.759223179143 0.0028797491962 0.0104098431508 0.00369127217566 0.00190316090065
227 2043 0.180012846851 0 0 0.891695895099 0.765361974152 0.00291736901302 0.010215677163 0.00382348924376 0.00186846278155
228 2052 0.18970062381 0 0 0.923901022025 0.792981403097 0.00299088822091 0.0105599494528 0.00400538320253 0.00192210195794
229 2061 0.181416692439 0 0 0.875775175842 0.756756356603 0.00284403420936 0.00978846705339 0.00375057169222 0.00178620960136
230 2070 0.205142135275 0 0 1.01829344612 0.858880699693 0.00312438439954 0.0118854002456 0.00412386547283 0.00216841418749
231 2079 0.248486996585 0 0 1.19472757234 1.00847211727 0.00369466617396 0.0147368746762 0.00493759106093 0.0026829982958
232 2088 0.260783628295 0 0 1.2632089313 1.04882050337 0.00376785164266 0.0153434674234 0.00489914434838 0.00280077434887
233 2097 0.294936890341 0 0 1.38873355325 1.17320766274 0.00433749895712 0.0168352160253 0.00570984925734 0.00309814936239
234 2106 0.337050093478 0 0 1.51396532944 1.27110303754 0.00470661115538 0.0185444429862 0.00637278488763 0.00343208033007
235 2115 0.33265913863 0 0 1.46199969068 1.21715315236 0.00455796930384 0.0181229438266 0.00590892957124 0.00334881960347
236 2124 0.338856108434 0 0 1.40412336686 1.17106950846 0.00449324529254 0.0177916775223 0.00573293395247 0.00330884172445
237 2133 0.409847105278 0 0 1.65846540244 1.41083094108 0.00536752849414 0.0213869491716 0.00654813452238 0.00398134211848
238 2142 0.510506031804 0 0 2.1527243436 1.83890079933 0.00700108425579 0.0265791990034 0.00780877991002 0.00491751111167
239 2151 0.514179665567 0 0 2.1953138295 1.92541054762 0.00748779310138 0.0254755717759 0.00765555908749 0.00472584265451
240 2160 0.558361787827 0 0 2.24659344706 1.97694927816 0.0077507012807 0.0273333626569 0.00792195168054 0.00504858996722
241 2169 0.597555732545 0 0 2.44922677443 2.09180028407 0.00817196964864 0.028786454347 0.00822820630883 0.00531999280406
242 2178 0.594650806511 0 0 2.34578452357 1.99735977843 0.00794192502639 0.0282821087804 0.00786860611371 0.00522657850883
243 2187 0.646012567571 0 0 2.40756686551 2.06453656329 0.00841920675455 0.0297587777155 0.00819152528699 0.0055605789833
244 2196 0.702815950117 0 0 2.5923115504 2.34293763578 0.00928414131747 0.0321319401297 0.00856886714117 0.00598653615086
245 2205 0.686991686991 0 0 2.46566778799 2.24141452994 0.00889096652106 0.0304162198632 0.00833112536263 0.00568163771936
246 2214 0.698434075944 0 0 2.47612337045 2.23769833706 0.00886002847312 0.0303139923268 0.008077147244 0.00565875216363
247 2223 0.727382673717 0 0 2.49668889955 2.31148033616 0.00920862589774 0.0309400172965 0.00833702728211 0.00571952514529
248 2232 0.745925361412 0 0 2.58580298216 2.3360014967 0.00943214060755 0.0311208414083 0.00844439271313 0.00574163614991
249 2241 0.722521909897 0 0 2.4935168633 2.19239839861 0.00884375588033 0.029147849141 0.00812117517931 0.00536300288968
250 2250 0.765136597227 0 0 2.56364185842 2.20596680838 0.00879639657329 0.0305996811167 0.00847830162885 0.0057035690917
251 2259 0.882139892953 0 0 3.30888602821 2.59684398264 0.0103607921293 0.0347100324707 0.00946631794439 0.00647654120779
252 2268 1.00897750853 0 0 3.74361242106 2.98159695936 0.0116013327828 0.0390834210943 0.0104985323661 0.0073038625199
253 2277 1.06526155942 0 0 3.96997790044 3.1011640279 0.011922179599 0.0389270393507 0.0109844277616 0.00725099776519
254 2286 1.20111536348 0 0 4.38791360385 3.525120879 0.0134250808007 0.0444015818134 0.0124380696897 0.00825846777916
255 2295 1.42882213771 0 0 5.18364651218 4.17095251438 0.0156414133948 0.0521330776572 0.0143357587066 0.00966428319902
256 2304 1.51856573929 0 0 5.66944047497 4.26068997941 0.0163532523637 0.0530191764037 0.014961334075 0.00983709963422
257 2313 1.3648103401 0 0 5.14663956997 3.74053894361 0.01399707958 0.0467408598157 0.0127875607502 0.00866045891449
258 2322 1.31322815517 0 0 5.02392970894 3.55374560357 0.013358707744 0.0437838554902 0.0119659605693 0.00812868683548
259 2331 1.26590927421 0 0 4.89076163313 3.32539149454 0.0126349596092 0.0414039932982 0.0114304001504 0.00763987302883
260 2340 1.54438554344 0 0 5.98226282092 4.06016493938 0.0158807943378 0.0510763971113 0.0140437210063 0.00943718681336
261 2349 1.91559823985 0 0 7.52026982201 4.9494212358 0.0193060168639 0.063631903859 0.0172622616409 0.0116997812422
262 2358 2.39067466963 0 0 9.41362629074 5.952418319 0.0230148447332 0.0789208085241 0.0214271999074 0.0144883395728
263 2367 2.45822570835 0 0 9.3829234137 5.99387572544 0.0230741726601 0.0793476646157 0.0218065686992 0.0146083557153
264 2376 2.59079526361 0 0 9.62442800593 6.07385516369 0.0233678231398 0.0830660878073 0.0221163133799 0.0153166901265
265 2385 2.47074602813 0 0 8.9466168172 5.72834720281 0.0221084509671 0.0779827715205 0.0205872556257 0.0143525033255
266 2394 2.68318975429 0 0 9.97725091103 6.1030624191 0.0232453324576 0.0839612105616 0.0218473006572 0.0154168350115
267 2403 3.43931518467 0 0 12.7970699617 8.24807897301 0.0301710599045 0.114740969289 0.0284173003209 0.0213189268873
268 2412 3.9837809961 0 0 15.307771013 9.16146863838 0.033388701516 0.130868460256 0.0325028138873 0.0242421877446
269 2421 4.27042268101 0 0 16.7824918906 9.27585555377 0.034927348151 0.13330310898 0.0339028599104 0.0247386166821
270 2430 4.9334513115 0 0 22.2405945526 10.018988596 0.0392497074472 0.152467754575 0.0380817027939 0.0282111036398
271 2439 5.1892823364 0 0 24.2008323639 10.0755637794 0.0397742056879 0.157001519246 0.0390249355733 0.0290302846358
272 2448 5.0265186239 0 0 23.5346117227 9.66191962385 0.0378906201115 0.149537157741 0.0366847026412 0.0276942403893
273 2457 4.76538119359 0 0 21.6745328472 8.71047997997 0.0350621546045 0.140449545362 0.0345097180888 0.0260584183402
274 2466 5.22359916071 0 0 24.3379648874 9.46688112985 0.0376339101686 0.151216440925 0.0388519073185 0.0280186008605
275 2475 4.84425555041 0 0 22.3041145525 8.64207795745 0.0338786399853 0.136535533914 0.0345870789074 0.0253539885854
276 2484 4.06294861393 0 0 17.9022660809 6.9749706633 0.0271121514911 0.111445494482 0.0282232853093 0.0207345426661
277 2493 3.67881215153 0 0 16.1139232522 6.28569430396 0.024187571961 0.0965225737084 0.0248401060933 0.0177557148829
278 2502 3.29019985528 0 0 14.0710463172 5.46863758444 0.0208257886856 0.0821127807399 0.0213981711399 0.0150130063722
279 2511 3.16989860695 0 0 13.5928878068 5.14450290806 0.0198820951898 0.0753548018553 0.0203188509194 0.0136773010209
280 2520 2.83658115548 0 0 12.0441607038 4.47007829873 0.0174822135195 0.067127278088 0.0177983811174 0.0121321188324
281 2529 2.73365407896 0 0 11.6860725633 4.06818000254 0.0161781976271 0.0635172446983 0.016851089413 0.011540493666
282 2538 2.6180000543 0 0 11.5630329205 3.77772049771 0.015217909582 0.0580080959397 0.0158678953003 0.0105009276225
283 2547 2.73152494169 0 0 12.4149680465 3.84940088182 0.0159151807991 0.0615933806385 0.0166083042119 0.0110795838023
284 2556 2.77267102245 0 0 12.7898989835 3.83323481827 0.0159072965419 0.0613393779078 0.0163825332526 0.0109687012614
285 2565 2.37229626683 0 0 10.8212173973 3.21298027585 0.0129084794758 0.0514910169318 0.0139064062475 0.00919498635543
286 2574 2.25716962322 0 0 10.2684789184 2.99923931371 0.0116938036242 0.049330007863 0.013020770024 0.00874373776094
287 2583 2.60616369953 0 0 13.031709443 3.37262185279 0.0129133601526 0.0540036152789 0.0145707636773 0.00954060167623
288 2592 3.00864720592 0 0 15.5334492109 4.14867713761 0.0146297575265 0.0618742800594 0.0168293210123 0.0108988857301
289 2601 3.07747968925 0 0 15.9178282669 4.20998543624 0.01458585802 0.0619142860035 0.0168365083494 0.0108827949702
290 2610 3.37101958546 0 0 17.6251722313 4.5587293195 0.0156375759798 0.0689426472093 0.0183989421973 0.0120714773266
291 2619 3.6490705168 0 0 19.800331113 5.03215387402 0.0163257402377 0.0728730621602 0.0205402688819 0.012841433108
292 2628 4.37534324255 0 0 27.4491413997 6.48596367497 0.019856483917 0.0836751006847 0.0243362930035 0.0145860033841
293 2637 4.4135258698 0 0 27.4919399941 6.34959888177 0.0197011043562 0.0800897482126 0.0238926286903 0.0138187508186
294 2646 4.09721621739 0 0 25.2511397925 5.83829108576 0.0180402009367 0.0728007211896 0.0217557431239 0.0124876339242
295 2655 4.02279426973 0 0 25.679198353 5.96696395722 0.0177770373129 0.0693579439293 0.0200892645224 0.0119227322562
296 2664 3.57495556936 0 0 22.2517986818 5.2550739696 0.0154645982373 0.0605606945763 0.0173697434994 0.0104312238982
297 2673 3.2306996936 0 0 19.4644369378 4.42775820114 0.0130496060826 0.0532942709297 0.0154735171434 0.00919785397221
298 2682 3.2046819646 0 0 18.6043988855 4.32582609916 0.0125557426256 0.0506447278312 0.0149827200357 0.00874118148458
299 2691 3.29017417985 0 0 18.7010299235 4.49467845577 0.0126321550152 0.0538556571291 0.0147905382952 0.00920380299922
300 2700 3.16367319381 0 0 17.8002556761 4.27852095079 0.0121455136706 0.0526487321193 0.0139038506432 0.0089485945511
301 2709 3.32465815231 0 0 18.8492774312 4.83493313273 0.012551368433 0.0543568379991 0.0140918670175 0.00925007998746
302 2718 3.7582120896 0 0 21.0869783238 5.70360564293 0.013957010335 0.0601203360558 0.015504171669 0.0101798851933
303 2727 4.46784930521 0 0 26.3712370409 7.32272739629 0.0165334392955 0.0722969571358 0.0179969821954 0.0122035353706
304 2736 5.0221403353 0 0 29.5476390736 8.16802251474 0.0184006118391 0.0815792215195 0.0195428394052 0.0136386098924
305 2745 4.84851376225 0 0 28.3421136684 7.77919605656 0.017095965352 0.0777349035329 0.0182993849256 0.0128912750839
306 2754 4.21492744502 0 0 23.823889976 6.62487809566 0.0142333832789 0.0658510570139 0.01598002129 0.0109012686067
307 2763 3.52438292423 0 0 19.5121961908 5.39965064869 0.0115116139127 0.0543678189677 0.0129784129267 0.00894568129686
308 2772 2.85536408557 0 0 15.4176470894 4.2905399732 0.00911292880076 0.0407184405918 0.0101814505223 0.00670387024573
309 2781 2.96377157259 0 0 15.0380809375 4.36513563176 0.00927015428085 0.0419086078119 0.0111144637755 0.0068258597005
310 2790 2.92409111961 0 0 14.5778400339 4.26001690925 0.00893890262116 0.0407601006777 0.010829102419 0.00659485507351
311 2799 2.91501043974 0 0 14.2813222818 4.13614696494 0.00858168595025 0.0423429415388 0.0105962358903 0.00678539028317
312 2808 2.96804439619 0 0 14.6543012167 4.06595776177 0.00838419972732 0.0424875511228 0.0107469884488 0.00675113026637
313 2817 2.86081503037 0 0 13.6489285694 3.86118025637 0.00783438182195 0.0404456997218 0.0104159077249 0.00639628944421
314 2826 2.43094233489 0 0 11.227770078 3.23590399893 0.00648755657037 0.0335843613823 0.0085838485261 0.00528437000379
315 2835 2.08463944395 0 0 9.64028173365 2.69369107991 0.00544412102725 0.0281138829594 0.00701631034232 0.00443084792682
316 2844 2.07706480122 0 0 9.31230568841 2.68593718646 0.00533399975738 0.0274087029455 0.00701035231783 0.00429698518392
317 2853 1.89927703927 0 0 8.60649031483 2.59591436925 0.00484096900843 0.0246346124573 0.00620701284874 0.00387324489303
318 2862 1.54547772533 0 0 6.96188926043 2.10499484907 0.00391021258849 0.0195032313526 0.00480649372033 0.00306719576206
319 2871 1.43248636475 0 0 6.3916397791 1.88231656851 0.00355632758375 0.0175117072961 0.00459520444764 0.00273531358575
320 2880 1.32865438768 0 0 5.76483012437 1.65363522196 0.00317003728843 0.0157108502196 0.00424905784555 0.00244758821247
321 2889 1.29114343082 0 0 5.50836941276 1.5941899189 0.00300690325624 0.0154876933786 0.0040300825555 0.00239495113542
322 2898 1.09419646575 0 0 4.58959085364 1.34184984557 0.00247402560184 0.0127583120057 0.00332115643708 0.00197465496891
323 2907 0.918929852461 0 0 3.77920359531 1.07355846564 0.0019860210041 0.0103533869488 0.00276069618708 0.00160046993198
324 2916 0.834026244779 0 0 3.34386712098 0.957983949493 0.00170388794023 0.00942659342033 0.00245606813741 0.00145126959483
325 2925 0.778479850732 0 0 3.12846448976 0.886476587685 0.0015540023945 0.00868309686273 0.0022109121315 0.00133918511952
326 2934 0.693265440963 0 0 2.71731777042 0.773551777342 0.00134143157994 0.00766110178512 0.00193444160303 0.00117999133547
327 2943 0.645162478128 0 0 2.42914750879 0.686805801456 0.00121288079377 0.00687228440932 0.0018698781454 0.00105234841066
328 2952 0.572118304919 0 0 2.09162270474 0.598674552209 0.00105428386571 0.00590043541555 0.00159639986129 0.00090266493169
329 2961 0.510019968126 0 0 1.8073408462 0.519352654753 0.000929094258763 0.00517993431275 0.00136755408783 0.000790996096061
330 2970 0.466609920701 0 0 1.72870408836 0.469659383062 0.000807020963878 0.00459098320417 0.00127458994673 0.000703203165237
331 2979 0.413961625398 0 0 1.50279443 0.409310291533 0.000707281319241 0.00401364656104 0.00111879902286 0.00061529749841
332 2988 0.383160419217 0 0 1.32777546012 0.360417498979 0.000648373074418 0.00365722337927 0.001013924767 0.00056003752024
333 2997 0.363446121311 0 0 1.21524602589 0.327237876127 0.000588041626352 0.00339605564908 0.000968685834943 0.000518403185363
334 3006 0.350466443721 0 0 1.11718958743 0.313032831833 0.000555119888653 0.00321793759774 0.000907910371182 0.00049125165744
335 3015 0.321127882614 0 0 1.01771852032 0.280841768286 0.000496617058134 0.00285375669819 0.000823022556994 0.000436472429631
336 3024 0.272559286465 0 0 0.854752985909 0.232646919134 0.000410403953804 0.00228674061986 0.000696528194078 0.000352113003362
337 3033 0.225722215495 0 0 0.705627638817 0.188124137532 0.000327852456011 0.0018558765214 0.000567357571885 0.000286409699981
338 3042 0.190772554316 0 0 0.568866788342 0.155328115511 0.000269641154795 0.00153620143962 0.000476369474027 0.000236875376871
339 3051 0.164645669599 0 0 0.479466497091 0.128098870067 0.000230275124823 0.00129873652856 0.000391756987855 0.000200507020943
340 3060 0.140142359971 0 0 0.406296185133 0.104921947623 0.000187716576123 0.00107757203943 0.000322113625646 0.0001665723224
341 3069 0.130585905855 0 0 0.378146719417 0.100763501853 0.000178543705217 0.000983930310459 0.000298730422173 0.00015160856464
342 3078 0.113042717144 0 0 0.323719869721 0.08696080683 0.000151622093706 0.000825112566811 0.000250041505914 0.000126964468779
343 3087 0.10272987018 0 0 0.276959990503 0.077115120766 0.000132518968473 0.000754291835197 0.000228494354667 0.000116215930868
344 3096 0.0960488079315 0 0 0.263226345288 0.0710065301758 0.000119235563991 0.000698564483344 0.000209848808724 0.000107857373392
345 3105 0.0854239381242 0 0 0.229289399789 0.0607960575361 0.000104339107409 0.000590430889659 0.000182706576432 9.08054890332e-05
346 3114 0.0836523293385 0 0 0.215137199925 0.0596191079461 0.000108037439294 0.000557096257902 0.00017545027215 8.56472944581e-05
347 3123 0.0855080020645 0 0 0.212339601926 0.0594800562369 0.00010995355287 0.000606152268614 0.000175853154814 9.20449795798e-05
348 3132 0.0840581678123 0 0 0.201061461723 0.0564716943561 0.000105526927967 0.0006034771401 0.00016717415191 9.19277460333e-05
349 3141 0.0745090583832 0 0 0.169134462029 0.048705527186 9.32146749329e-05 0.000536267632058 0.000145462148186 8.1745498003e-05
350 3150 0.0669546557913 0 0 0.152665057236 0.042756449899 8.12409499296e-05 0.000467372638421 0.000129304287681 7.13847608326e-05
351 3159 0.0667633064613 0 0 0.147943156148 0.0418154940509 8.3385203369e-05 0.000454082099454 0.000125104940536 6.92544363051e-05
352 3168 0.06575160738 0 0 0.146535263895 0.042033621599 8.19503593133e-05 0.000440996307511 0.000125584395024 6.73908597442e-05
353 3177 0.0565679696631 0 0 0.123611390106 0.0356722856984 6.85891703034e-05 0.000368778718683 0.000105904924915 5.63030037457e-05
354 3186 0.0536020641782 0 0 0.115497956233 0.034171391706 6.76115716301e-05 0.000344218097217 9.58416670052e-05 5.25193762707e-05
355 3195 0.0493327127841 0 0 0.10812851025 0.0314299993563 6.32205384065e-05 0.000307617241797 8.52673917872e-05 4.69798742735e-05
356 3204 0.0450285167264 0 0 0.0994199728286 0.0283121157439 5.61180562322e-05 0.000282106325407 7.29449634972e-05 4.30263820554e-05
357 3213 0.0446253961367 0 0 0.0959403577902 0.0284663027412 5.43894170417e-05 0.000286145673116 7.08516408904e-05 4.31587738592e-05
358 3222 0.0412429140407 0 0 0.0869176705363 0.0252833363776 4.82336764024e-05 0.000267308188829 6.44713096116e-05 4.01911294022e-05
359 3231 0.040110439365 0 0 0.0817941624289 0.0254349440265 4.92460199544e-05 0.000259802655242 6.07749976522e-05 3.91101194166e-05
360 3240 0.0345212872008 0 0 0.0685606761869 0.0226396714563 4.30400540484e-05 0.000231889446034 4.98660974209e-05 3.47577442121e-05
361 3249 0.03390839414 0 0 0.0663664471008 0.0220258941443 4.02174994366e-05 0.00024106677818 4.77762617245e-05 3.60293368874e-05
362 3258 0.0307691495139 0 0 0.0595196775672 0.0196439957119 3.69147360645e-05 0.000210639173636 4.18017134955e-05 3.13856649846e-05
363 3267 0.0268617896899 0 0 0.0512770357375 0.0163982868154 3.08372311657e-05 0.000179619296793 3.48964341503e-05 2.67762870114e-05
364 3276 0.0236148977852 0 0 0.0444913177413 0.0142380023059 2.68106001367e-05 0.00015072357058 2.98798059805e-05 2.24720060238e-05
365 3285 0.0232323592481 0 0 0.0436362005555 0.0133956287539 2.57427370415e-05 0.000142928674716 2.87357333777e-05 2.12937615298e-05
366 3294 0.0220073317986 0 0 0.0408758010955 0.0120819564062 2.35993756899e-05 0.000135751811122 2.65622019162e-05 2.02436448174e-05
367 3303 0.0212914387859 0 0 0.0378715050602 0.0117506735204 2.2830912942e-05 0.000133791385846 2.62759987206e-05 2.0009669384e-05
368 3312 0.0180144301269 0 0 0.0311559685116 0.00972761421716 1.86330944182e-05 0.000112313346449 2.16392446093e-05 1.68013759254e-05
369 3321 0.0170485962194 0 0 0.0282485079962 0.00900881287908 1.77090095061e-05 0.000100646273001 2.04696187268e-05 1.50386225982e-05
370 3330 0.0145746819378 0 0 0.0235720931218 0.00771112906939 1.50319430801e-05 8.39375310984e-05 1.72463117124e-05 1.25459712882e-05
371 3339 0.0124166471055 0 0 0.0198289123295 0.00637545856233 1.23918666283e-05 6.97741726469e-05 1.3841377085e-05 1.04150032982e-05
372 3348 0.0114973742912 0 0 0.0182836882883 0.00595658822534 1.1442568761e-05 6.52769493214e-05 1.25109276034e-05 9.73800386229e-06
373 3357 0.010155653244 0 0 0.0158340097255 0.00511531551323 9.64365816766e-06 5.87353084509e-05 1.10713045569e-05 8.73393209353e-06
374 3366 0.00924375914557 0 0 0.014077300655 0.00449742225536 8.49350921004e-06 5.10734556212e-05 9.81483550536e-06 7.57934632573e-06
375 3375 0.00819827372768 0 0 0.0125078472584 0.00389374285836 7.30393759844e-06 4.46655721813e-05 8.24384770943e-06 6.61801589466e-06
376 3384 0.00802939340304 0 0 0.0124886898776 0.00371769523669 6.8714620292e-06 4.34897720846e-05 7.85798699882e-06 6.43387785954e-06
377 3393 0.00761056155134 0 0 0.0116823429793 0.00344736147346 6.42720963203e-06 3.96422871137e-05 7.28047194255e-06 5.86641293088e-06
378 3402 0.00689927459747 0 0 0.0103716323861 0.00302438557089 5.68264379969e-06 3.43647146021e-05 6.84930045664e-06 5.08354951589e-06
379 3411 0.00588318162015 0 0 0.00853770645497 0.00252189805369 4.83113374317e-06 2.88404629773e-05 5.68459850587e-06 4.26555799871e-06
380 3420 0.00501837829647 0 0 0.00701744104564 0.00213106882785 4.14942134423e-06 2.32588087041e-05 4.73333932708e-06 3.43774009615e-06
381 3429 0.00486913958469 0 0 0.0068652418507 0.00201888983489 3.81324686274e-06 2.19129356496e-05 4.55458560436e-06 3.2348846876e-06
382 3438 0.00456095171579 0 0 0.00625753254269 0.00184610916775 3.56113794224e-06 1.97729035158e-05 4.25231222055e-06 2.91654409877e-06
383 3447 0.0045426119143 0 0 0.00622449596407 0.00180973252035 3.40886795356e-06 1.95160959704e-05 4.17699590077e-06 2.87421543166e-06
384 3456 0.00367326724687 0 0 0.00489257015629 0.00138762386789 2.6293764299e-06 1.4947926905e-05 3.33772304317e-06 2.19741232849e-06
385 3465 0.00353797924631 0 0 0.00446892572576 0.00127080400888 2.40368744934e-06 1.51739180211e-05 3.08694930863e-06 2.23418859592e-06
386 3474 0.0036292462848 0 0 0.00472394425381 0.00128034143521 2.41311778128e-06 1.51989699353e-05 3.04666541457e-06 2.23399888862e-06
387 3483 0.00304150210862 0 0 0.00398877691013 0.0010671196025 1.96136199669e-06 1.23339669022e-05 2.46515003916e-06 1.80885560231e-06
388 3492 0.00272757988061 0 0 0.00350061071935 0.00092722030812 1.7023620462e-06 1.02566945618e-05 2.10103797086e-06 1.50228589471e-06
389 3501 0.00237674863046 0 0 0.00300351720388 0.00078606008428 1.44730286389e-06 8.85806437514e-06 1.77989653068e-06 1.29209312079e-06
390 3510 0.00225429237802 0 0 0.00273565810989 0.000732376671402 1.34526210644e-06 8.32053748709e-06 1.69485948751e-06 1.21822152653e-06
391 3519 0.00199377443954 0 0 0.00231889103819 0.00062904702616 1.16310291492e-06 7.2795310972e-06 1.43606319114e-06 1.0702404419e-06
392 3528 0.00190396693583 0 0 0.00215798436574 0.000575571835518 1.11931517023e-06 6.83896372249e-06 1.33818912887e-06 1.00424939475e-06
393 3537 0.00184141015985 0 0 0.00202463100163 0.000561213996135 1.08631139466e-06 6.46899719912e-06 1.27057391861e-06 9.52338239413e-07
394 3546 0.00160898240496 0 0 0.00170400767313 0.000485996921854 9.56680919474e-07 5.51556851357e-06 1.06588819695e-06 8.11620985242e-07
395 3555 0.00143963699637 0 0 0.00147379444206 0.000430083136218 8.51376398768e-07 4.83259266588e-06 9.44191995287e-07 7.07278813631e-07
396 3564 0.00133928704777 0 0 0.0013333888619 0.000406531030466 8.19638085729e-07 4.42597178195e-06 8.75627309345e-07 6.46504016255e-07
397 3573 0.00120738863453 0 0 0.00120529898415 0.000368219688985 7.31813903353e-07 3.897348145e-06 7.83885833538e-07 5.70108361151e-07
398 3582 0.00105099889519 0 0 0.00100663620724 0.00031201499361 6.25032023459e-07 3.31452730653e-06 6.80433192755e-07 4.85427601421e-07
399 3591 0.00101276533717 0 0 0.000952971426938 0.000303099902128 6.23914797814e-07 3.10774607954e-06 6.34646871869e-07 4.53655636606e-07
400 3600 0.000871604836308 0 0 0.00086061453332 0.000264024516461 5.3841659295e-07 2.49834782009e-06 5.32285824819e-07 3.62079545202e-07
401 3609 0.000817248961345 0 0 0.000792886300394 0.000244356091799 4.98228989897e-07 2.26541173314e-06 4.88372455239e-07 3.28944632755e-07
402 3618 0.000700975235752 0 0 0.000674709048967 0.000204758601852 4.03548944386e-07 1.92059989715e-06 4.14968431662e-07 2.79617789356e-07
403 3627 0.000661885916339 0 0 0.000631484262736 0.000188150319336 3.74679808123e-07 1.75363207236e-06 3.87489771199e-07 2.54510612209e-07
404 3636 0.000605141855787 0 0 0.000569800286682 0.000169078112115 3.30225301467e-07 1.60436183773e-06 3.45661407404e-07 2.3309705772e-07
405 3645 0.000573001143599 0 0 0.000521431591155 0.00016133987395 3.12599920044e-07 1.45010966475e-06 3.20146952757e-07 2.10953687937e-07
406 3654 0.000554220836368 0 0 0.000490331312301 0.000155137063965 2.95863025235e-07 1.42048841866e-06 3.08558930472e-07 2.06284167606e-07
