% # iter+eval+sigma+0+fitness+xbest, seed=298476, Thu Jun 25 15:25:42 2015
1 9 0.494784720453 0 0.711208638789 770.0916351 599.317760015 0.947564223352 7.28514674931 2.31862452545 -0.0101186896474
2 18 0.472611035313 0 0.777901897676 770.25371861 599.479178911 0.906605570372 7.48658084471 2.99858948014 0.0363801069222
3 27 0.469613822174 0 0.463124048286 770.492458832 599.720170293 1.24165745938 7.96910941073 3.51541836024 -0.146504820279
4 36 0.46025072634 0 0.451269957666 770.153277546 600.761719894 1.36769242102 8.65567563693 3.0718481416 0.26017057397
5 45 0.447943718521 0 0.444323807141 770.303058361 600.79401986 1.38806882833 8.00131797488 3.41181047544 0.276688798446
6 54 0.440976331515 0 0.456115186896 770.170759124 600.81888589 1.36886123808 8.12675734095 3.67153528764 0.402268238104
7 63 0.461078144571 0 0.452936198034 770.973201378 600.33864722 1.21169877173 7.91066129885 4.55972784655 -0.101905042269
8 72 0.468202273008 0 0.446030616439 770.53300413 600.314907321 1.25493695497 8.2575111731 4.52352408801 0.0150558834257
9 81 0.422115576662 0 0.450241847203 770.355072859 600.101167687 1.188700809 8.40322535301 3.51858756226 -0.00683126264302
10 90 0.398152626258 0 0.448814064861 770.901141946 599.496454294 1.16086901095 8.03927799052 3.64952029579 0.144582511867
11 99 0.379539180039 0 0.455494956801 770.75928603 599.679835851 1.34205713801 8.28698499548 3.98963590136 0.39110174686
12 108 0.380029053511 0 0.450752238091 771.120528294 600.601360214 1.1710793086 8.43284955465 3.9577413332 -0.0823046124738
13 117 0.347561989392 0 0.441457589585 771.245289626 600.688168915 1.28320065317 8.35516222552 4.05548128684 0.107565032859
14 126 0.311252786659 0 0.437321418383 771.071553226 600.170072908 1.25102917028 8.10476537405 3.84012234391 0.141806990952
15 135 0.282830224772 0 0.440112299715 771.054288861 600.769866614 1.21919780638 8.80553535543 3.95792463541 0.0765299083645
16 144 0.268063612255 0 0.440598170163 771.577026655 600.821202264 1.26897454232 8.38065608819 4.14134652609 0.102433370439
17 153 0.241091358864 0 0.438148611161 771.22412915 600.135104858 1.25007829354 8.37783123169 3.76617929176 0.118943973497
18 162 0.205610779064 0 0.443935295587 771.059057943 600.580041438 1.31400695632 8.37898286618 3.91306374543 0.123345144244
19 171 0.189413051541 0 0.439250804822 771.301536644 600.664787866 1.27225197078 8.11681862465 4.1786835946 0.141081170125
20 180 0.183422116031 0 0.439004142274 771.00549855 600.594081489 1.22113291547 7.94459874627 4.01867092757 0.0900008487255
21 189 0.172502998053 0 0.438289460016 770.928691215 600.236875048 1.22602550172 8.09791999363 3.71137029588 0.0897664956467
22 198 0.151039684943 0 0.437913403408 770.990067473 600.482598394 1.261093328 8.15704049638 3.94357877997 0.144084637416
23 207 0.132600075637 0 0.438869767848 771.033096042 600.403174288 1.27087914909 8.07267035364 3.90093314385 0.125676605141
24 216 0.136766433025 0 0.43671429918 770.91327193 600.224634738 1.23754613989 8.04804755721 3.67586942202 0.156920692411
25 225 0.155902195315 0 0.435969480364 770.883324297 600.018156256 1.25473862256 8.05574779004 3.55984174692 0.189963726284
26 234 0.168495358019 0 0.435837212912 770.929641074 599.792816243 1.22645506815 7.93521035022 3.44117650612 0.158017821716
27 243 0.174029803011 0 0.43603364173 770.861628736 599.86007671 1.21347266458 7.81653520216 3.37160088069 0.111438089825
28 252 0.192017236374 0 0.435859576796 770.95371311 600.115612049 1.23263757476 7.92395702831 3.17401893897 0.228475254612
29 261 0.222735650048 0 0.42965503731 770.959780279 600.481616538 1.33124328655 8.05474826016 3.00587268444 0.258506256201
30 270 0.236427511286 0 0.426381267864 770.901268542 600.397416816 1.35734824292 8.10179751279 2.84590028345 0.276142064716
31 279 0.237684563694 0 0.435239474024 770.906607721 600.372925469 1.3253932854 7.74069548719 2.94199035795 0.140586065573
32 288 0.204141620531 0 0.424807010466 770.989397437 600.437176993 1.27209962586 7.83792960131 2.80399265932 0.250008539259
33 297 0.211302217636 0 0.421614194444 771.05009883 600.705769382 1.29211226728 7.39551988546 2.61807012903 0.165021107845
34 306 0.217858241735 0 0.399819085975 770.874663556 600.287680856 1.29374005961 7.42763340247 2.17068590351 0.126671391611
35 315 0.208583026725 0 0.410674086582 770.877763036 599.799058295 1.23991482649 7.46365293698 2.46286040262 0.164431152709
36 324 0.21674261802 0 0.408261072609 770.819101404 599.591003872 1.23887577838 7.52245091364 2.50160887555 0.160797301496
37 333 0.224073113977 0 0.403950875406 770.947824001 599.782840346 1.32143903981 7.66684582261 2.24635063624 0.213271871535
38 342 0.197432277907 0 0.398190600052 770.829138878 599.945953169 1.25214924127 7.25305077661 2.21688861914 0.0829469548512
39 351 0.1867028983 0 0.399836446231 770.99357816 600.002458548 1.22635154814 7.28674355462 2.13260686659 0.0953511139545
40 360 0.168832132859 0 0.402692517945 770.982151458 599.776497725 1.26953577118 7.45738357057 2.32321825838 0.129327901539
41 369 0.149658714441 0 0.40374887177 770.79740878 599.166971669 1.22756048118 7.26583337289 2.30410679114 0.0736938754616
42 378 0.137690491533 0 0.398499934672 771.009780742 599.503429822 1.26758501695 7.3915745904 2.18943290726 0.135434466681
43 387 0.129805506274 0 0.400926201695 770.998630185 599.459113655 1.24041601674 7.40761034814 2.34194037135 0.126474247003
44 396 0.129496235516 0 0.39754983039 771.01769058 599.741315829 1.30320761624 7.55887119125 2.25366453793 0.165813269089
45 405 0.125403022264 0 0.398485079612 770.975686582 599.923940275 1.34852658708 7.55687117602 2.21178236802 0.173947084789
46 414 0.12208839941 0 0.399010689537 770.869851101 599.741092707 1.28426017467 7.44927784567 2.10837097279 0.136549672444
47 423 0.110596125583 0 0.397643090932 770.855758636 599.4954272 1.24323521602 7.31146383999 2.18740398364 0.103423525984
48 432 0.115450930977 0 0.397835183724 770.774927749 599.815336173 1.27257486057 7.36576143199 2.26128439686 0.116545054355
49 441 0.113421715166 0 0.397577079773 770.821253237 599.770913077 1.25099074816 7.310970734 2.20291899362 0.106539465066
50 450 0.113107117296 0 0.397910434482 770.902044545 600.039554415 1.24202201144 7.33036523168 2.23582528758 0.108917281902
51 459 0.105341556746 0 0.398816404334 770.903168266 599.957275071 1.24227757283 7.34784382904 2.1698388562 0.120373938538
52 468 0.0900749369763 0 0.397180383085 770.833533436 599.843458097 1.26766442903 7.33456014468 2.17652996254 0.114255358001
53 477 0.0795349144553 0 0.397343664069 770.781227824 599.695250288 1.25905327491 7.30995572438 2.2165515145 0.10226321918
54 486 0.0721787570843 0 0.39829689906 770.823214385 599.733753944 1.24407161512 7.24962265134 2.18327661013 0.0881835569134
55 495 0.0604635530273 0 0.397339241513 770.891839165 599.959335624 1.26341706993 7.29659351663 2.18410238655 0.101486589941
56 504 0.0628119730682 0 0.397674824248 770.901099239 599.993068586 1.25169225148 7.34738587796 2.24678216484 0.115015169777
57 513 0.0613938491549 0 0.397008095971 770.857847658 599.946836115 1.27972548775 7.39792897088 2.24131878152 0.128758156746
58 522 0.0598963344448 0 0.396420327552 770.873778141 599.81047851 1.28860574106 7.41742431047 2.19386409854 0.136534291385
59 531 0.0689450062847 0 0.39608088771 770.917319822 599.914996628 1.28818881309 7.45590517105 2.16106563669 0.143152144359
60 540 0.0714031619326 0 0.396174730831 770.930323508 599.807599794 1.2935192702 7.4437470985 2.1787245172 0.143389135873
61 549 0.0737317674433 0 0.396557330312 770.995062684 600.042644974 1.28338537133 7.48723462122 2.20884913496 0.157505975404
62 558 0.0793582627209 0 0.395807219768 770.933908923 599.910389948 1.30867791694 7.55598471096 2.17366889706 0.173445518936
63 567 0.0843089854168 0 0.395751579605 770.920846963 599.571869015 1.29033254352 7.53811419499 2.2061685826 0.166085804118
64 576 0.0846705089106 0 0.395589431527 770.892473718 599.725386861 1.30877099652 7.58084678072 2.16970855681 0.178796415618
65 585 0.0753345919994 0 0.395741049447 770.93197888 599.744989417 1.30583369784 7.57519201443 2.19568394092 0.177717768579
66 594 0.0687546256111 0 0.396352089932 770.935127612 599.836785598 1.32145652821 7.58008130782 2.19821130025 0.180179268749
67 603 0.0668394161258 0 0.395916696451 770.955316342 599.692083603 1.31978445667 7.63344454397 2.20935243293 0.190352463945
68 612 0.0576208440614 0 0.395726013871 770.954552319 599.692019733 1.30661764897 7.55763399085 2.19651934179 0.171164692924
69 621 0.0597632057677 0 0.395553215008 770.994282719 599.723393513 1.29578899766 7.61885201751 2.18811538114 0.187119705383
70 630 0.0636945811423 0 0.395648618855 771.004659413 599.563552762 1.30531949486 7.65074993659 2.17391457635 0.196661226134
71 639 0.0599953690793 0 0.395544419301 771.039997664 599.711390902 1.30021183003 7.59124000977 2.16118565556 0.181234114011
72 648 0.0553156011526 0 0.395616117254 770.968977833 599.780456262 1.31688589456 7.62723060476 2.18757680879 0.188154115747
73 657 0.0578161409482 0 0.395459421742 771.059091067 599.659986799 1.31226697901 7.6712569764 2.16395928901 0.198812071521
74 666 0.0678084685958 0 0.395539109167 771.007382193 599.685203081 1.31974221513 7.70709302626 2.15584503198 0.208475002555
75 675 0.0672468909717 0 0.3954815574 770.995903631 599.593704595 1.31675467907 7.6918378721 2.16063969732 0.20446189183
76 684 0.0591224905783 0 0.395639199553 770.988241265 599.669397437 1.30526978701 7.63678020306 2.19648644033 0.189194518698
77 693 0.0507382361605 0 0.395510641047 770.979200636 599.722845437 1.2963379243 7.59412048377 2.18261677422 0.18130949795
78 702 0.046910574252 0 0.395547829723 770.993855691 599.720881003 1.3158223393 7.65560712264 2.16365988426 0.197306222138
79 711 0.0455380429183 0 0.395470431168 770.975198226 599.656796417 1.31322786655 7.67023004323 2.17468405463 0.198261451968
80 720 0.0391182712893 0 0.395436901933 770.996236057 599.745567478 1.30826676838 7.66431666655 2.17572862153 0.197878499185
81 729 0.039299800331 0 0.395445908244 771.008769065 599.820603494 1.30827652717 7.67090493831 2.16847844983 0.199126108496
82 738 0.0381698554208 0 0.395433565835 771.020606361 599.785048674 1.30442355063 7.62503765503 2.18105112053 0.187856970673
83 747 0.0347668833013 0 0.395428716372 770.984885467 599.761472958 1.30429769949 7.63263460498 2.16692200364 0.190131344938
84 756 0.0320493517034 0 0.395446203491 771.041504439 599.786968432 1.31319985445 7.68511058182 2.17334059588 0.20274664215
85 765 0.0362005475748 0 0.395434469544 771.035471835 599.89941624 1.3129510937 7.6732627385 2.16493083398 0.200044815287
86 774 0.0363139606351 0 0.39541753379 771.043923366 599.931675933 1.30541896834 7.62324183187 2.17545490119 0.187389565045
87 783 0.0335781023631 0 0.395412788101 771.023019545 599.891286826 1.30794860527 7.63644748493 2.17099821513 0.190712767033
88 792 0.0301131371577 0 0.395425080907 771.042499574 599.863249518 1.30410465314 7.62009904522 2.17938904237 0.186758951545
89 801 0.0260451225586 0 0.39541860616 771.038453816 599.900110106 1.30808286843 7.65448547482 2.16975087421 0.195588140888
90 810 0.0234100301975 0 0.395425333078 771.03980897 599.919386553 1.30946786127 7.63875555024 2.17619240088 0.191090247545
91 819 0.0226885919836 0 0.395418342339 771.041291114 599.936049964 1.31211329422 7.6580941912 2.16984482494 0.196545364513
92 828 0.0197888036034 0 0.395419944589 771.045178735 599.887936575 1.31199312595 7.64849415909 2.16860037477 0.193804911442
93 837 0.01648538392 0 0.39541506311 771.05095079 599.931167678 1.30869446484 7.65229075373 2.17324938117 0.19514173418
94 846 0.0149654971087 0 0.395412861435 771.053506388 599.891143546 1.31054852599 7.65403291203 2.16981934315 0.195384525125
95 855 0.0137405445845 0 0.39541375589 771.050215094 599.892900847 1.3073686626 7.64824172573 2.17192797486 0.194025315429
96 864 0.0125579923452 0 0.395412462141 771.053488188 599.918788441 1.30619099911 7.63658098345 2.17239694524 0.191341034315
97 873 0.011148287542 0 0.39540854632 771.053404934 599.944405429 1.30783102802 7.64351888103 2.17097965303 0.192913222159
98 882 0.00940266999038 0 0.395408498232 771.046102831 599.916757772 1.30789490297 7.64356145563 2.1709180692 0.192670837284
99 891 0.00848466541802 0 0.395408613265 771.047155857 599.935421926 1.30849865256 7.64579154348 2.17320114469 0.193190774271
100 900 0.0092719296415 0 0.395407294311 771.06066792 599.924632895 1.30842602469 7.64267607357 2.17262877302 0.192559644192
101 909 0.00791880717549 0 0.395407310402 771.042082825 599.931596485 1.30778314593 7.63925210293 2.17232581203 0.191601963823
102 918 0.00769590504542 0 0.39540784157 771.050180254 599.95889684 1.30769254898 7.64444499016 2.17310887504 0.192887389041
103 927 0.00680021958139 0 0.395408140701 771.044603379 599.928831618 1.30795134712 7.64249542904 2.17243320418 0.19235742187
104 936 0.00647467566228 0 0.395407558219 771.04629265 599.949643805 1.30787898722 7.64115581098 2.1713897647 0.1920107448
105 945 0.00705767924411 0 0.395407099667 771.040880669 599.95753597 1.30840377294 7.64188334397 2.17315179134 0.192417698162
106 954 0.00836930462194 0 0.395406476245 771.038498752 599.982375966 1.30827281904 7.64294778104 2.17331211659 0.192597024036
107 963 0.00961175607363 0 0.395406631255 771.036189805 599.979998745 1.30876713717 7.64389905557 2.17276490546 0.192872259202
108 972 0.0095268339172 0 0.39540611247 771.030062334 599.990805036 1.30873983778 7.64399634195 2.17197985593 0.192854325735
109 981 0.00916970536876 0 0.39540676545 771.035500493 599.974113413 1.30755853103 7.6418713261 2.17119332381 0.192416412602
110 990 0.00812210435741 0 0.395406468888 771.043309637 599.98769556 1.3080026253 7.63926329997 2.17314275404 0.191854994662
111 999 0.00693944132005 0 0.395405843069 771.039411616 600.005556073 1.30817766768 7.64366397708 2.17237049751 0.192866488059
112 1008 0.00692272996937 0 0.395405791744 771.047642669 599.97567877 1.30828180873 7.64163617198 2.17161662076 0.192246706053
113 1017 0.00695249048081 0 0.395405406674 771.043872891 599.99786416 1.30824928411 7.64309369854 2.17149946291 0.1926623036
114 1026 0.00821379566182 0 0.395404628145 771.047648655 600.025113488 1.30751711194 7.64109281488 2.17226583135 0.192174970895
115 1035 0.008377979159 0 0.395404764458 771.04226189 600.006458692 1.30731981336 7.63703392529 2.17251188378 0.191193402471
116 1044 0.00936025101182 0 0.395404066624 771.045773324 600.059479863 1.30838526643 7.64400324769 2.17159896799 0.19294866954
117 1053 0.0111807227236 0 0.395403339933 771.050386309 600.083288426 1.30811869795 7.63809699612 2.17258155082 0.191561372093
118 1062 0.013324368258 0 0.395402182235 771.05575709 600.098236375 1.30777045627 7.64060218506 2.17246545317 0.192060569878
119 1071 0.0157260344435 0 0.395400872 771.062679552 600.171407389 1.30880629069 7.64042002238 2.1707326598 0.191955156621
120 1080 0.0191387887097 0 0.395396794069 771.064827712 600.295399245 1.30766067519 7.63800611172 2.17174630312 0.191536976984
121 1089 0.0249768474689 0 0.395396249573 771.084126338 600.327325497 1.30759817391 7.63963994608 2.17232883307 0.191642429669
122 1098 0.0290772923395 0 0.395395751825 771.091375863 600.327029738 1.30717717428 7.63379376699 2.17250740698 0.190509935303
123 1107 0.0365738587836 0 0.395387142811 771.133194822 600.651108731 1.30656765429 7.63227972452 2.17385079381 0.190147937072
124 1116 0.0430118694046 0 0.395389366567 771.157622155 600.657830896 1.30571330413 7.63230217411 2.17300641481 0.18970621876
125 1125 0.0442848125524 0 0.395383922186 771.109973572 600.880441204 1.30893767328 7.64521593294 2.17157775227 0.193459851045
126 1134 0.0455042355054 0 0.395384213602 771.148856183 600.835450118 1.30796366683 7.63457331055 2.17075436548 0.190371858303
127 1143 0.0426831448804 0 0.395387626815 771.142126219 600.692367877 1.30921640741 7.65310681012 2.17007700407 0.195115280287
128 1152 0.035601826803 0 0.395380169041 771.134534384 600.90116989 1.30750355021 7.64117839058 2.16902729936 0.192279477776
129 1161 0.033000779404 0 0.395380104151 771.158536386 601.037440767 1.30775456726 7.64985172728 2.16797827914 0.194192767658
130 1170 0.0376100607439 0 0.39537263329 771.121140153 601.240000889 1.30628464846 7.63637157776 2.16986488645 0.190800480772
131 1179 0.0405825900597 0 0.39537479215 771.118642706 601.134066994 1.30526627858 7.62892288692 2.17039788894 0.189310286012
132 1188 0.0414310883744 0 0.395374169898 771.135002664 601.320243416 1.30564034611 7.62499705596 2.169755044 0.188563723194
133 1197 0.0470288019828 0 0.395363023638 771.11265701 601.698205962 1.30711952483 7.63601649614 2.16682661011 0.191055034133
134 1206 0.0494667931917 0 0.395361936279 771.151250926 601.881155392 1.30297311718 7.61332116029 2.17105012698 0.185438930855
135 1215 0.0498376968461 0 0.395350176221 771.188507097 602.102810901 1.30434892081 7.6259029809 2.17008158941 0.188293703077
136 1224 0.0541655316897 0 0.395356341646 771.214318244 601.986963146 1.30802374522 7.64816636419 2.1653913186 0.193940264496
137 1233 0.0459183195418 0 0.395357681523 771.128045745 601.878128888 1.30583231802 7.63211107355 2.16777166691 0.190202172119
138 1242 0.0380681979355 0 0.395357027552 771.163165414 601.987177669 1.30633232441 7.63247450892 2.16595446768 0.190205731591
139 1251 0.0413846495181 0 0.395345530015 771.176616325 602.462487012 1.30437910992 7.62256508207 2.16944889646 0.187389434156
140 1260 0.0476878480742 0 0.395336628951 771.153037988 602.831533625 1.30847381203 7.64301367644 2.16588925913 0.192819657185
141 1269 0.051850090324 0 0.395327799393 771.159356745 603.138760822 1.3081685447 7.64712057454 2.16543941805 0.193636853354
142 1278 0.0533260082438 0 0.395334124688 771.128193198 603.044531514 1.30942451732 7.65145043072 2.16575905008 0.194979218483
143 1287 0.0578995876305 0 0.395326250489 771.171654079 603.936942399 1.30947510052 7.63852349979 2.16518944969 0.191981822648
144 1296 0.078464766719 0 0.395322339514 771.128588414 604.940509267 1.30965568108 7.65104569308 2.15784006914 0.194935452384
145 1305 0.0942455174098 0 0.395300380394 771.131804388 605.071970503 1.30690388385 7.62528530357 2.16590647034 0.188335450058
146 1314 0.116420249359 0 0.395259688616 771.078793536 606.948988135 1.30647636686 7.62919555245 2.16458532867 0.189567538484
147 1323 0.136545258495 0 0.395245942641 771.119077912 606.505751064 1.30289088566 7.62061605132 2.17257771491 0.187152387407
148 1332 0.171046239356 0 0.395191604151 770.984128026 608.219593977 1.30457150863 7.66728707695 2.17018027129 0.198566118079
149 1341 0.185680646089 0 0.3952376376 771.120732546 606.801937651 1.30177939358 7.64736239251 2.17753284553 0.193164016848
150 1350 0.209928968026 0 0.39517187952 771.154289209 610.366238408 1.30845128238 7.69783629597 2.17071647518 0.206433612379
151 1359 0.205999640745 0 0.395195818656 771.117131954 609.757494046 1.30358265014 7.69464144851 2.16556032629 0.205041153448
152 1368 0.217743035739 0 0.395069668643 771.114725605 614.158863763 1.30257128353 7.69655627878 2.16561854207 0.205773936435
153 1377 0.212743967676 0 0.395140320787 771.050071371 613.107714403 1.29966327639 7.61563379697 2.16536897026 0.185580793749
154 1386 0.22433884632 0 0.395013351871 771.138963414 616.454857338 1.30134739199 7.65592264063 2.16443030301 0.195711969708
155 1395 0.237686783212 0 0.395025552252 770.877087543 615.9122799 1.29880681326 7.63758925644 2.16794819664 0.191791386288
156 1404 0.262291627904 0 0.394981257723 770.991031776 617.639438342 1.29566709167 7.66515414499 2.18621022579 0.198028840431
157 1413 0.272439719721 0 0.394907098863 770.906536111 622.571575308 1.29004533413 7.62259184402 2.16620862341 0.187395027934
158 1422 0.256429314544 0 0.394890818134 770.938171208 620.885855328 1.29680553551 7.65657495169 2.17602122458 0.196350762377
159 1431 0.235991350368 0 0.394867454003 770.995172972 622.846372798 1.29388715921 7.66673653458 2.17628453679 0.197591034716
160 1440 0.218792624688 0 0.394935253516 770.88797303 622.460804498 1.30570729183 7.70038853014 2.16768075131 0.2074727113
161 1449 0.179188572342 0 0.394894905497 770.916824959 623.256645736 1.30359285442 7.68525067173 2.16529329148 0.203145021091
162 1458 0.156379351703 0 0.394859578271 770.977200042 623.802039003 1.29702370795 7.66713881896 2.17435600513 0.197837144166
163 1467 0.145820333243 0 0.394839251874 770.963495466 623.349376597 1.29507801073 7.68757268768 2.17606424985 0.20283314467
164 1476 0.159668563744 0 0.394821766643 771.019935238 626.137725125 1.29284640936 7.63626955618 2.18003042638 0.191582717314
165 1485 0.150937165003 0 0.394780312187 770.814905218 625.321793786 1.29112023187 7.66255526709 2.1751750537 0.197410273575
166 1494 0.169195602529 0 0.39474043442 770.833136442 629.085021592 1.29647834454 7.68114091737 2.18129152254 0.202245364946
167 1503 0.210826831882 0 0.394626688402 770.831942589 634.140702803 1.29326392153 7.68881181163 2.1785353888 0.203546447155
168 1512 0.260806671322 0 0.39458268399 770.769458972 637.504120551 1.28489509453 7.64526685925 2.17182870581 0.193477992015
169 1521 0.311418751871 0 0.394525183586 770.57636671 637.714322747 1.28556338961 7.67685683218 2.17738790172 0.201078067608
170 1530 0.378667247377 0 0.394490136141 770.569173828 643.497890123 1.27168894844 7.6607970491 2.17288638685 0.196582852377
171 1539 0.470149127283 0 0.394487771224 770.301255471 650.512303121 1.26435827457 7.64165732 2.16827383479 0.191448771973
172 1548 0.475618616451 0 0.394295779135 770.497354882 652.709619851 1.27685067812 7.69729012659 2.16962987559 0.20525480645
173 1557 0.497123052642 0 0.394277821856 770.564096298 659.224629135 1.26248525698 7.62520308182 2.18193748921 0.188111396063
174 1566 0.532263350954 0 0.394218451478 770.085280567 667.273686552 1.25925318031 7.70611190603 2.20178694534 0.206400203637
175 1575 0.524466129059 0 0.394256261872 770.198415485 657.729621914 1.28080962106 7.77957927084 2.1886647159 0.22607792734
176 1584 0.533793636094 0 0.394026461231 770.46206737 672.00885858 1.26680781942 7.77213305481 2.20323498466 0.223369369538
177 1593 0.518269490176 0 0.393857186066 770.172526343 685.733947283 1.2627451667 7.73919128083 2.20541291867 0.216405725923
178 1602 0.578018414267 0 0.393778425393 770.102463219 693.070303551 1.26381117922 7.74755437417 2.19451081064 0.218972032706
179 1611 0.598744681661 0 0.393884101328 770.053223615 698.638611951 1.26577654166 7.82596891615 2.20422044225 0.237873680712
180 1620 0.638981111842 0 0.393425606641 769.73902091 717.696315569 1.2467583621 7.77791509427 2.19921871204 0.22566532336
181 1629 0.800279424164 0 0.393443040675 768.825526367 733.630224632 1.23662254888 7.86459155516 2.20841567177 0.245520402079
182 1638 0.855225108734 0 0.393517675866 769.35860272 721.414701866 1.24040240255 7.83683734134 2.19657351486 0.239667418135
183 1647 0.827788825067 0 0.393371101965 768.624624044 743.930001137 1.22738321354 7.79581385583 2.21704049154 0.230897459675
184 1656 0.902232682546 0 0.393586366334 768.764984514 744.684500705 1.23309128083 7.73195673327 2.17343967801 0.216448421222
185 1665 0.861769026324 0 0.393259972913 769.039335978 758.167512583 1.22082343695 7.76916816029 2.20062903316 0.222158615853
186 1674 0.769955281594 0 0.393246072034 768.797138212 774.962159795 1.2044231047 7.81631995973 2.20020537652 0.235510129092
187 1683 0.856756859719 0 0.393125377325 768.121048927 804.653193282 1.20399003766 7.85789737287 2.22672382679 0.245332669089
188 1692 0.871394717263 0 0.393147530562 767.490853333 803.33925639 1.19597279701 7.84842511586 2.20599622503 0.243099895783
189 1701 0.798579706721 0 0.393298071217 768.204403941 798.051818021 1.20300290806 7.87568258713 2.23877750577 0.248896039959
190 1710 0.79388935082 0 0.393098398704 767.565649887 818.117416891 1.1981724729 7.79892991886 2.21418347076 0.231250616295
191 1719 0.757795082705 0 0.393078877071 767.58627595 827.676299745 1.18509750096 7.81391822208 2.20951310833 0.235575039869
192 1728 0.762490995808 0 0.393123591523 767.818624283 828.873183282 1.1918204528 7.79306696757 2.22077180327 0.230363934737
193 1737 0.760052740212 0 0.393053127444 768.14917614 825.031381227 1.19519425772 7.80687615343 2.2141496305 0.233056538325
194 1746 0.883896824927 0 0.393048985713 769.019085776 809.094073203 1.19959893077 7.8929326669 2.22068565247 0.251904927459
195 1755 1.02211743157 0 0.392999602705 768.266902561 828.14648165 1.19488106819 7.89806543738 2.20952681318 0.252274234832
196 1764 0.937387489633 0 0.39311669495 768.115269779 833.629893923 1.1767723127 7.80021937907 2.2090627711 0.230525005639
197 1773 0.793411193696 0 0.393083380311 767.993223191 819.732882345 1.18370023199 7.8150240896 2.21483705457 0.23418532998
198 1782 0.686734463729 0 0.393013273225 768.514555988 811.753287876 1.20130808008 7.84818529299 2.21455072854 0.243007394749
199 1791 0.632927795115 0 0.393015310415 768.450266564 824.904738672 1.20038267588 7.8456244506 2.21290697178 0.241214425097
200 1800 0.528226511066 0 0.393010329279 768.317246426 830.2311613 1.19182119752 7.8465597047 2.21379398027 0.242893387553
201 1809 0.480084519318 0 0.393011236975 768.18156749 836.873602471 1.18121463041 7.81924908416 2.21115510947 0.235297071845
202 1818 0.425381020068 0 0.392972845013 768.258294889 835.201586205 1.19173123265 7.8662970089 2.21477140385 0.246832582197
203 1827 0.364343465923 0 0.392960559866 768.582757249 831.931864503 1.19431384208 7.86215142159 2.2203746658 0.244895190081
204 1836 0.352055071095 0 0.392981795373 768.535974562 830.977211104 1.19849499906 7.86534586479 2.21067356462 0.24592240881
205 1845 0.343097822216 0 0.392946550317 768.521707061 833.500035161 1.19356970109 7.87228707445 2.21360120471 0.247142758048
206 1854 0.356414946643 0 0.392947060101 768.668440059 834.016199744 1.19401899723 7.88658675381 2.21627378386 0.250202448537
207 1863 0.388714705132 0 0.392943462693 769.024473844 827.082905835 1.19576866063 7.87955193137 2.22046853529 0.248724499949
208 1872 0.405580780199 0 0.39296200136 769.319493245 813.292580739 1.20414130774 7.87041891568 2.21286520746 0.246039049268
209 1881 0.379156541197 0 0.392931339074 769.023820364 823.104606066 1.19638368465 7.86967231058 2.21324509785 0.246706446507
210 1890 0.380281826539 0 0.392939936099 769.223692892 819.50081078 1.20075084021 7.88086059034 2.21529054789 0.248775114168
211 1899 0.408607942338 0 0.39293631853 769.3415899 814.778535243 1.20080108463 7.87218836786 2.21195827074 0.246740769645
212 1908 0.414477461547 0 0.392942300121 769.398957528 818.407723778 1.20211232439 7.88671927542 2.20816469981 0.250617713294
213 1917 0.355108774782 0 0.39293519657 769.208020239 825.194281117 1.19826242757 7.87343815533 2.21425979071 0.247140548334
214 1926 0.311384648499 0 0.3929257367 769.453362781 817.337124521 1.19946905292 7.86470338555 2.20705543462 0.245615021714
215 1935 0.266197991183 0 0.392924475766 769.44915816 818.046428539 1.1995367082 7.86727933977 2.21348303575 0.245865983077
216 1944 0.273291633147 0 0.392930623487 769.207298331 823.680710499 1.19383550358 7.85224043515 2.2084630024 0.243014201509
217 1953 0.259512976686 0 0.392925496507 769.640941495 815.063304111 1.19928350722 7.86567199292 2.21312301918 0.24533934599
218 1962 0.238671279139 0 0.392923811096 769.55213247 819.936208727 1.19701111773 7.85494962354 2.21606523655 0.243100953184
219 1971 0.22228903133 0 0.392921316392 769.556650808 818.789675892 1.19524670466 7.8467456087 2.21172571681 0.241538642234
220 1980 0.223982814231 0 0.392919505561 769.409902177 821.219077216 1.19702717952 7.8563858036 2.21045731644 0.243707427297
221 1989 0.205439852875 0 0.392916230374 769.803834057 815.078649338 1.20194354091 7.86617383087 2.21019881921 0.245773338045
222 1998 0.178471523953 0 0.392915140381 769.540022523 824.773155741 1.19471157842 7.86479479909 2.2127378975 0.245598988233
223 2007 0.150519402648 0 0.392915426222 769.832330162 814.69125322 1.20079694431 7.86601731463 2.2115448328 0.245549480963
224 2016 0.139442523699 0 0.39291357564 769.749118918 817.400903729 1.19876255128 7.86429474869 2.21070884054 0.245280740911
225 2025 0.142117264923 0 0.392911368124 769.756724999 819.830929748 1.1979572588 7.86151373657 2.21131351181 0.244597107314
226 2034 0.1562724366 0 0.392907313972 769.860001401 820.322955944 1.19842540874 7.86560865463 2.21073898406 0.245715266711
227 2043 0.200900893085 0 0.392903594495 770.162361382 817.307763447 1.20044757176 7.86992457181 2.21014655754 0.246431224522
228 2052 0.285590974925 0 0.392904953765 770.409909122 810.820795433 1.20209466521 7.86194023837 2.20683491231 0.244538695861
229 2061 0.370993069925 0 0.392902256766 770.425346558 816.566909308 1.19815317981 7.8504426214 2.20697728439 0.241897695278
230 2070 0.383476373472 0 0.392904178493 770.13325504 818.330391173 1.19693821817 7.85907862808 2.20890472629 0.24423332922
231 2079 0.417666228896 0 0.39289303083 770.910008229 812.835847098 1.199077634 7.85197704938 2.20637561123 0.242189280603
232 2088 0.424218875662 0 0.39289034323 770.983249305 811.949142179 1.20215419321 7.86476464393 2.20664356298 0.244998879223
233 2097 0.396790962636 0 0.392888815318 770.643658522 822.377392598 1.19607007459 7.85755775525 2.20627098381 0.243736757381
234 2106 0.406821291286 0 0.392883642061 771.631770049 810.872461793 1.2053683423 7.87612772944 2.20235146334 0.247672396324
235 2115 0.426005002478 0 0.392883447359 771.315853253 809.069920614 1.20420992683 7.856670635 2.20454037321 0.243307936792
236 2124 0.390960201475 0 0.392879900874 771.402160069 808.669547062 1.20566233094 7.86887400672 2.20809747718 0.246120611348
237 2133 0.373616617839 0 0.392875404942 771.681712592 809.499684108 1.20613443248 7.87661798078 2.20841597088 0.247719576339
238 2142 0.350737182599 0 0.39287331824 771.406789095 818.787453885 1.20156550328 7.86038951359 2.2090522852 0.244220249671
239 2151 0.322255347936 0 0.392872400368 771.622907499 814.062995967 1.20370841184 7.86415005157 2.20581866374 0.24494106572
240 2160 0.341256438542 0 0.392857177566 771.583359479 820.430820149 1.1990110884 7.86192681145 2.21149874811 0.244644156867
241 2169 0.367385557182 0 0.392852913705 771.830506645 825.105442594 1.19706574032 7.85453918373 2.20991691048 0.242890644417
242 2178 0.413821348045 0 0.392848176077 771.909647925 820.272060517 1.19979765605 7.86861987971 2.21033242691 0.246165089827
243 2187 0.458221826917 0 0.392837723103 772.590072423 815.542953827 1.20241871735 7.86952511942 2.20635994354 0.246070579156
244 2196 0.498544129887 0 0.392823561968 772.837320506 822.48093597 1.19822982599 7.85725620388 2.20588211981 0.243474787244
245 2205 0.507371253978 0 0.392827220186 772.993908507 825.706867252 1.19501318959 7.85180165726 2.20247659887 0.242427626684
246 2214 0.494238865555 0 0.392819398377 773.187570242 814.856976562 1.19870757324 7.8424498934 2.20539891596 0.240254921542
247 2223 0.515226666938 0 0.392796457818 773.469276276 830.852374047 1.19489660331 7.86362397231 2.2097385088 0.245121929636
248 2232 0.590160358465 0 0.392794685756 774.015737528 824.699951706 1.20016307513 7.88288371704 2.20688986489 0.249349116433
249 2241 0.636964243564 0 0.392786619153 774.482748316 818.132839821 1.20080935431 7.87137857653 2.20693583693 0.246983799271
250 2250 0.724188354527 0 0.392741318452 775.487082227 824.026726678 1.19764809588 7.8538399444 2.20701128933 0.242540231694
251 2259 0.851567217829 0 0.392731179672 776.439016255 822.688927232 1.20123292364 7.84947565123 2.20649455322 0.241465550089
252 2268 1.06708094509 0 0.392644032511 779.200486056 838.662995788 1.19554970163 7.86242477526 2.2074247295 0.244072549145
253 2277 1.37669255096 0 0.392581414369 782.346429749 818.408020256 1.20592725078 7.84206523599 2.19770982578 0.239476365007
254 2286 1.79306436578 0 0.392512290723 785.37447651 822.886010394 1.20617720017 7.86622907116 2.20212985438 0.245719386772
255 2295 2.30757783029 0 0.392495637013 789.82912139 787.959648165 1.22198340676 7.83795936409 2.17525978554 0.238536894565
256 2304 3.0341905398 0 0.392446014673 794.021564088 779.370774124 1.2355938109 7.86096821243 2.17956043776 0.241935165617
257 2313 3.4254748816 0 0.392241587685 798.138026394 824.227926192 1.22056172321 7.907581047 2.18779293082 0.252788277088
258 2322 4.26395069758 0 0.392037792731 811.724012341 841.579944248 1.22099775073 7.92027612215 2.17244059754 0.255009636244
259 2331 5.65880408048 0 0.392327439517 819.977861039 761.580705654 1.25484751979 7.85534309169 2.14029906283 0.237359278855
260 2340 6.53878044524 0 0.39199407983 820.479686662 755.019502104 1.23614720516 7.79477911382 2.20219062086 0.224958676633
261 2349 7.10661274839 0 0.391551809015 822.483124796 855.81866553 1.19434894511 7.86993147335 2.18668608511 0.244346880974
262 2358 8.28950507559 0 0.391183187312 864.166640283 821.685770452 1.26681003573 7.96815509838 2.15991855943 0.260177480212
263 2367 9.90425971744 0 0.391333501994 861.230752994 912.98747511 1.18188110862 7.77116422212 2.20882798124 0.224020467167
264 2376 11.2250636876 0 0.390733882887 880.073521816 974.175810363 1.1644262995 7.8817598792 2.17754972676 0.244888352498
265 2385 11.5249800202 0 0.390233604885 891.906120168 922.569860645 1.20624643577 7.77921115757 2.18255843885 0.220988585758
266 2394 12.3486168711 0 0.39023470783 931.701196398 1020.80287784 1.16209680662 7.74717121388 2.23694090719 0.213395103977
267 2403 14.8050056667 0 0.388698259224 975.638494248 958.121081263 1.16879822437 7.73484142244 2.13731819469 0.206798538137
268 2412 14.9416093109 0 0.387876277671 984.184966526 949.702183979 1.21164254618 7.71768707268 2.14968637131 0.204983422197
269 2421 14.3617586189 0 0.39094289244 1015.10815502 895.338259476 1.22216246535 7.90955597773 2.07360532338 0.244047256074
270 2430 11.9332208115 0 0.387990898364 970.035609006 988.501338466 1.17132911479 7.7758976726 2.14613527227 0.216123848339
271 2439 10.5653465986 0 0.391538365341 869.999500598 833.638952249 1.20483574525 7.83444724697 2.11919872284 0.234929861642
272 2448 10.234881196 0 0.389535000853 972.218594647 834.351981916 1.20552629483 7.72415228954 2.1082215779 0.205758886362
273 2457 10.0590618103 0 0.390931003522 959.987825405 939.613234976 1.17596793485 7.74218152226 2.05462674762 0.210229019053
274 2466 8.87014787375 0 0.38860043738 964.431686391 826.109657404 1.22677932364 7.65908585531 2.07962904745 0.193874270511
275 2475 8.49292961391 0 0.387574876992 998.901947476 914.362777345 1.21974375481 7.6699161818 2.10122038689 0.195017615545
276 2484 9.1975484969 0 0.386890486602 1015.50746953 960.505135912 1.2162066665 7.72446817772 2.11613746577 0.206499237952
277 2493 10.8039206823 0 0.386465890973 1060.42958257 873.325932726 1.26088427545 7.69370924993 2.12272745235 0.20171036547
278 2502 10.6851171809 0 0.38658166798 1042.31820856 935.92967636 1.23272341146 7.75847077289 2.16900572161 0.212070577975
279 2511 10.7663266283 0 0.385113996219 1100.88833582 958.872040394 1.23207708607 7.77794466076 2.1622389652 0.213025454479
280 2520 12.5867091788 0 0.385020879287 1134.39620794 988.450539864 1.19019556309 7.72014794545 2.08135475059 0.203112426038
281 2529 14.8599192718 0 0.384848508781 1184.51886188 1130.24069785 1.15804485342 7.76564297319 2.07240394355 0.208041359074
282 2538 15.1536774748 0 0.384943713877 1195.39922507 1211.75350591 1.14823556188 7.74678443193 2.1614613315 0.205961995417
283 2547 15.648073974 0 0.384410418644 1275.83337464 1291.28542549 1.13433736027 7.71844377662 2.12656746822 0.200434937218
284 2556 13.977549132 0 0.383756803986 1209.77843837 1122.48929845 1.21865218165 7.84585964651 2.14383099575 0.223076324927
285 2565 12.7943982786 0 0.383834638842 1198.6993993 1096.3964844 1.22518177247 7.84140960083 2.15523176992 0.220443974233
286 2574 11.1794396446 0 0.383436565567 1163.83682849 1107.52752828 1.19886713177 7.80972495533 2.12380874229 0.216973353298
287 2583 10.8445058976 0 0.382439271089 1196.15538745 1104.47367838 1.20572948655 7.82023579464 2.10240883923 0.217656382388
288 2592 9.5616482514 0 0.383430372814 1198.28629499 1067.03209374 1.23022275228 7.86245592608 2.06198828425 0.226596622246
289 2601 8.30190931497 0 0.38238021721 1254.3390763 1107.16576862 1.23465617302 7.86045423432 2.11974966684 0.22330538053
290 2610 9.71840696844 0 0.3797257532 1308.38054235 1074.75216066 1.23796997202 7.83507817731 2.05577316413 0.215346913013
291 2619 10.0656906972 0 0.380558979186 1293.18352817 1037.22281065 1.25691571867 7.8096967235 2.01312932502 0.212045177229
292 2628 9.98773729576 0 0.381917348042 1284.47063383 1133.16350837 1.21357884764 7.84923857516 2.0160827046 0.2206709163
293 2637 9.30401652392 0 0.37995885021 1307.78342047 983.024819372 1.2829454379 7.83851334129 2.00669397674 0.218276034295
294 2646 9.80671674367 0 0.37890292982 1356.42689055 967.518595923 1.28701706288 7.86235250499 1.9697808148 0.217093044189
295 2655 11.0125680894 0 0.377818479442 1451.9433671 982.815052008 1.29556719543 7.8290374669 1.95370664942 0.211208667766
296 2664 12.3017491004 0 0.377729722494 1465.99757649 1141.28495785 1.23015034473 7.83070182509 1.99232638195 0.212446685657
297 2673 11.9674896374 0 0.378361146938 1440.82546908 1143.69930384 1.2354669296 7.81720137566 2.05633723144 0.211913145883
298 2682 12.3916697164 0 0.377268795634 1590.09295883 1153.76337478 1.25888726672 7.82585341394 1.97288266903 0.208599410364
299 2691 13.3500825162 0 0.37770447717 1683.02473356 1203.77337443 1.24216586434 7.83566043433 2.02155395466 0.207371840538
300 2700 13.1806437235 0 0.37722581591 1589.73491474 1072.36468775 1.27515011034 7.83161179324 1.99191973978 0.209702827311
301 2709 14.7976647949 0 0.379678546448 1522.83143287 1020.98938278 1.25421741241 7.87842779276 1.96899438459 0.216668572575
302 2718 15.1184682272 0 0.381794493897 1410.90175778 1042.12443211 1.22548243867 7.87846642729 2.01024412637 0.216480393017
303 2727 14.7404024624 0 0.38311075711 1890.54509647 1463.57946319 1.18012352896 7.81169270668 2.09483078139 0.204894792443
304 2736 12.8400925383 0 0.384186304887 1958.13964364 1281.99687682 1.251993723 7.86407148436 1.97027182649 0.209908978144
305 2745 11.7137483185 0 0.378230899657 1555.09109832 1143.80969927 1.23279285018 7.90363098246 2.0435641584 0.219077554594
306 2754 13.5521756058 0 0.379349142036 1632.58168859 1154.9903357 1.26224922116 7.92391242524 2.09429122128 0.220223643617
307 2763 15.0596618606 0 0.381198914397 1524.67586545 909.273490342 1.33945678107 7.94088582824 1.99764015949 0.221355904637
308 2772 14.8713658625 0 0.381487387261 1791.82394926 1153.02273863 1.25682590395 7.91141194111 1.98916769777 0.21297908059
309 2781 14.3596039948 0 0.380068090453 1856.79276887 1234.35001829 1.24925957179 7.91683914294 2.0209630668 0.213732726298
310 2790 13.377032986 0 0.378082654001 1787.08379489 1246.86340466 1.24251696809 7.86969322448 2.02292405486 0.210756157953
311 2799 12.7795164149 0 0.381488598064 1546.9390493 1123.27133867 1.22759764455 7.9081699909 1.99717628212 0.216515236203
312 2808 11.9178288376 0 0.378053595625 1537.70354344 1215.46888284 1.21118366696 7.88052537693 2.01504366013 0.216271100039
313 2817 11.3794640661 0 0.377383744232 1572.63763609 1230.33854691 1.21889653606 7.84399759431 2.03840181493 0.211851376905
314 2826 11.3013722737 0 0.377461571471 1568.45609778 1176.71248198 1.25519071269 7.87100115737 2.03968196633 0.215686558542
315 2835 10.2075504595 0 0.37796896684 1544.59277562 1157.97523714 1.22633079052 7.85603444072 1.9706101243 0.212670549283
316 2844 10.2833282557 0 0.376951920028 1593.87154612 1125.84581079 1.25241219226 7.86437164514 1.96809555048 0.213153234821
317 2853 9.61253017197 0 0.377199168141 1489.92282682 1093.66964531 1.24880506817 7.83644694747 2.0165827561 0.211637738795
318 2862 9.54085782471 0 0.378243441571 1454.78272016 1108.58008227 1.23370765301 7.85136113901 2.01645037424 0.216297549338
319 2871 9.28020384873 0 0.378519831289 1370.76804521 1015.87162247 1.27113158742 7.8650450441 2.00413429486 0.220107482923
320 2880 8.69615058804 0 0.377769208095 1525.19364848 1189.03147248 1.2251226487 7.84304222724 2.0042108811 0.213681681429
321 2889 7.77633981757 0 0.377173173846 1488.53338683 1100.22959871 1.25848799901 7.84138317756 2.00299224042 0.213522076528
322 2898 7.58142122968 0 0.377355158637 1606.12004417 1151.88956255 1.2539911826 7.83579055546 2.00193933165 0.211220786375
323 2907 7.81175076977 0 0.377125797608 1570.90944317 1066.2531385 1.28661232723 7.86367972384 1.98597065253 0.214278152226
324 2916 6.68578354758 0 0.376784040421 1618.15265553 1135.03184941 1.26547214473 7.86633234182 1.98661768714 0.213442119802
325 2925 6.39741158356 0 0.376991417456 1520.77494255 1050.43329989 1.2684373017 7.88062205912 1.96656947112 0.216620206507
326 2934 5.48706544838 0 0.376829229984 1520.06105179 1084.99501232 1.25877728183 7.85167598986 1.99738680901 0.213285269958
327 2943 4.6159996081 0 0.376835376167 1549.33529359 1103.49715501 1.25543179598 7.84107651825 1.99796355585 0.21157935236
328 2952 4.10170596097 0 0.376926644869 1503.37936208 1088.55649865 1.2550854682 7.84402444249 1.99614618678 0.213097851649
329 2961 3.77958075451 0 0.37678189735 1545.31722322 1090.58877755 1.26321919078 7.85718882557 1.99742386666 0.213756472124
330 2970 3.50144904013 0 0.376778943339 1541.51490367 1072.3589101 1.27171129882 7.87361107118 1.99600977245 0.215638700471
331 2979 3.08839137392 0 0.376767958896 1544.49060772 1092.88402968 1.26614382399 7.85892983078 2.00000714096 0.213980789509
332 2988 2.87430977061 0 0.376739150944 1551.51953753 1091.09445926 1.26255008885 7.86542982739 1.98815847474 0.214489819867
333 2997 2.83880238518 0 0.376726774991 1556.27742316 1100.33412243 1.26042102342 7.86617937415 1.99339379693 0.21445957311
334 3006 2.81135260401 0 0.376755549013 1588.90578363 1126.13468743 1.25706184148 7.85755201556 1.99825244311 0.212975992562
335 3015 2.72717212907 0 0.376728707049 1588.88282158 1108.94206767 1.26478058221 7.86977756369 1.9921336859 0.214019629142
336 3024 2.76697124029 0 0.376712133399 1578.22205516 1110.0834019 1.26202085853 7.87530373347 1.99326721215 0.214863365727
337 3033 2.75710212797 0 0.376697510505 1586.77214756 1124.54312323 1.25887806942 7.86849659428 1.99187578904 0.213861446847
338 3042 2.42251630178 0 0.376710144223 1579.44456947 1111.00468076 1.2629497535 7.87419710289 1.99662597342 0.214855232391
339 3051 2.10112194278 0 0.376716412987 1549.8554565 1100.42506965 1.26032588451 7.86493615953 1.99445942833 0.214244954576
340 3060 2.02877491012 0 0.37669916514 1573.32744771 1125.23999659 1.25523047955 7.86632029972 1.99633092172 0.214047130107
341 3069 2.05505052478 0 0.376708056496 1544.06009446 1105.65307974 1.25887479983 7.86433289053 1.990510657 0.214347841556
342 3078 2.14893345285 0 0.376689413777 1568.11610512 1125.36220697 1.25592034298 7.86749259774 1.99060665633 0.214239230909
343 3087 2.01757506624 0 0.376682692614 1590.61646552 1139.50182271 1.25540120038 7.86549851505 1.99218417526 0.213571003788
344 3096 2.07360139233 0 0.376679093791 1580.44086301 1124.53892553 1.25988264029 7.86912210012 1.99008446492 0.214169569314
345 3105 2.12100279901 0 0.376683140789 1559.59791571 1104.30438007 1.26306194538 7.87618497794 1.99037361044 0.215534147833
346 3114 1.83870863703 0 0.376682759556 1580.38902453 1125.8524615 1.25838242664 7.87568417803 1.9933652899 0.215124569122
347 3123 1.70270077929 0 0.376680286224 1563.13275298 1116.95230291 1.26044084897 7.87214322131 1.99432233226 0.215062797724
348 3132 1.40531131973 0 0.376678390784 1564.91777281 1107.72127358 1.26252557388 7.87195588125 1.98919930341 0.214913448116
349 3141 1.45124003234 0 0.376684109374 1564.86456614 1116.57529141 1.26103780754 7.8618498638 1.99460799492 0.213768662197
350 3150 1.40892895656 0 0.376681974051 1569.46457238 1113.5054551 1.26324123828 7.86707901818 1.99048922414 0.214338052906
351 3159 1.25847030433 0 0.376681665346 1560.23406782 1107.84036234 1.26196235667 7.87266319564 1.99348196518 0.215090965319
352 3168 1.15604907481 0 0.376679496933 1563.12299125 1118.59330065 1.25892832891 7.86812976797 1.99536475276 0.214528990255
353 3177 1.1019022064 0 0.376674141837 1574.29375375 1121.40613476 1.26026831638 7.86562507542 1.99088751243 0.214048360464
354 3186 0.950082745046 0 0.376674711223 1577.32808745 1123.58697341 1.25955445811 7.86981924617 1.99233472696 0.214516445642
355 3195 0.890832771838 0 0.376675299889 1570.8542677 1114.13284166 1.26211497701 7.86866550798 1.98974909772 0.2144567401
356 3204 0.798950363592 0 0.376674943634 1575.10748497 1122.5754163 1.26031659515 7.8652976575 1.99142462972 0.213995438431
357 3213 0.746730178576 0 0.376674501902 1569.31317543 1115.95233116 1.26123807294 7.86667901386 1.99209640218 0.214213280948
358 3222 0.73732742516 0 0.376672651903 1574.51430553 1123.72619237 1.2590384306 7.86633965671 1.99112933373 0.214090913088
359 3231 0.658596169136 0 0.376672586457 1576.29935935 1124.54742168 1.25905754264 7.86683081807 1.99233486855 0.214147438937
360 3240 0.570633188414 0 0.376672763244 1577.45981094 1123.25419447 1.25972491621 7.86803325947 1.99269619492 0.214254000619
361 3249 0.505055668414 0 0.376672787256 1579.2466307 1128.50434814 1.25830036455 7.86647198942 1.99277368331 0.21404574541
362 3258 0.458880079609 0 0.376672592605 1576.35531781 1123.73107063 1.25948226542 7.86875046494 1.9919060853 0.2143652603
363 3267 0.410502094578 0 0.376672178042 1576.02038824 1124.91352619 1.25883023472 7.86744411546 1.99260750481 0.214194261209
364 3276 0.324875519969 0 0.376672203576 1574.60518399 1122.65479571 1.2593489307 7.86727538816 1.99219817334 0.214205512976
365 3285 0.321442713731 0 0.376672226847 1577.49836342 1125.99561134 1.2588358537 7.86637675891 1.99296266304 0.214031850916
366 3294 0.311747638751 0 0.376672054205 1576.5762151 1124.06967236 1.25929436368 7.86754959542 1.99218342066 0.214194704462
367 3303 0.280677582988 0 0.376672059986 1576.73153339 1124.22282858 1.25924444178 7.86763903905 1.99193381169 0.214201537966
368 3312 0.249447048685 0 0.37667208127 1578.3082611 1125.77051527 1.25887439741 7.86727570792 1.99246315482 0.214125398495
369 3321 0.23801740221 0 0.376672035779 1576.99846963 1124.00159035 1.25940459134 7.86731514577 1.99218941441 0.214149240405
370 3330 0.231932266208 0 0.376672023754 1577.05527603 1124.52035379 1.25905517431 7.86740537015 1.99226380187 0.214154212979
371 3339 0.199037251527 0 0.376672019814 1577.7743811 1124.77040807 1.25917026013 7.8673635896 1.99191276181 0.214139708459
372 3348 0.168776769615 0 0.376672007501 1576.63313431 1124.53372503 1.25907268474 7.86694094948 1.9921175027 0.214115673117
373 3357 0.152217280378 0 0.376671993492 1576.94033042 1124.45952743 1.25906727391 7.86714454217 1.99201273836 0.214128448874
374 3366 0.142643171018 0 0.376672011475 1576.42554325 1123.93193313 1.2591388223 7.86698743835 1.99175780364 0.214120849348
375 3375 0.131832992879 0 0.376672012872 1577.65362086 1124.94694057 1.25896641413 7.86700824027 1.99219146857 0.214099687989
376 3384 0.126202329861 0 0.37667199111 1576.86256778 1124.1981194 1.25911522848 7.8669410227 1.9919905796 0.214109114588
377 3393 0.124386352794 0 0.376671998902 1577.0281733 1124.45962508 1.25906613561 7.86658349329 1.99188576209 0.214064955358
378 3402 0.106436999678 0 0.376671996082 1577.50778851 1124.81668012 1.2590013516 7.86673680799 1.99197784495 0.21406732883
379 3411 0.100063018718 0 0.376671989898 1577.33130623 1124.5120612 1.25913987881 7.86696944927 1.99191474963 0.214103618605
380 3420 0.0907345924959 0 0.376671986 1577.01374402 1124.43841494 1.25911384456 7.86687741496 1.99199731291 0.214099356601
381 3429 0.0850098287016 0 0.376671987809 1577.12219471 1124.12959215 1.25920897963 7.867024176 1.99189125511 0.214111764099
382 3438 0.0824827871825 0 0.376671986418 1576.86922468 1124.0263229 1.25923668221 7.86697507317 1.99200035552 0.214112624891
383 3447 0.0818104892829 0 0.376671987772 1577.09807975 1124.21251755 1.25921858384 7.8670660888 1.99209456398 0.214116211982
384 3456 0.0745220805559 0 0.376671983263 1576.96494736 1124.32646664 1.25913646004 7.86688293395 1.99207584328 0.214098176184
385 3465 0.070234967339 0 0.376671985867 1577.17328955 1124.60273649 1.25905486909 7.86671468295 1.99204142754 0.214074183131
386 3474 0.061362134293 0 0.376671983218 1577.02875525 1124.36734842 1.25913686494 7.86692127118 1.99208278436 0.214100453897
387 3483 0.0543601178043 0 0.376671983112 1577.13888831 1124.48159301 1.25912125187 7.86685326068 1.99205493729 0.214090872447
388 3492 0.0509239992925 0 0.376671983513 1577.02801539 1124.42884437 1.25912516201 7.86681960652 1.99202824134 0.214089764158
389 3501 0.0460882563018 0 0.376671983646 1577.1999345 1124.53162571 1.25910972081 7.86688770429 1.99205928702 0.214092854421
390 3510 0.0413502317084 0 0.376671983285 1576.9779388 1124.35306985 1.25914648183 7.86686565653 1.99199512698 0.21409593526
391 3519 0.0363887511306 0 0.376671982896 1576.99844059 1124.38671066 1.25913906211 7.86690295913 1.99205386941 0.214100177041
392 3528 0.0311953485878 0 0.376671982608 1577.07214596 1124.37792257 1.25914662482 7.8668875015 1.99204207902 0.214095711025
393 3537 0.0298369563114 0 0.376671982174 1576.98640654 1124.2854292 1.2591639213 7.86695752135 1.99203603684 0.214106660298
394 3546 0.0269423176752 0 0.376671982148 1577.05536566 1124.31904475 1.25915563737 7.8669519222 1.99202987466 0.21410442122
395 3555 0.0253455010208 0 0.376671982056 1576.97036884 1124.26491148 1.25916327571 7.86695699231 1.99203144778 0.214106142633
396 3564 0.0233092848129 0 0.376671982046 1576.99163922 1124.30553933 1.25915137781 7.86696785164 1.99203401757 0.214107128801
397 3573 0.0225067025422 0 0.376671982051 1576.99077782 1124.29705949 1.25915942214 7.86697276433 1.99201555975 0.214107443426
398 3582 0.0214116427576 0 0.376671982001 1576.98749095 1124.30242007 1.2591526513 7.86696657899 1.99199945864 0.214107334101
399 3591 0.0232103781716 0 0.376671982268 1576.94170085 1124.28074506 1.25914857053 7.86697472904 1.99199641636 0.214108872704
400 3600 0.0204468543594 0 0.376671981982 1576.99958756 1124.30217804 1.25914760201 7.86695750352 1.99200225665 0.21410598757
401 3609 0.0181110283387 0 0.376671981878 1577.00998252 1124.31564448 1.25915270696 7.86694808451 1.99200907557 0.214104682046
402 3618 0.0170713010658 0 0.376671981986 1577.02854991 1124.27907828 1.2591633688 7.86696329279 1.99198957307 0.214105996946
403 3627 0.0155692335438 0 0.37667198207 1576.99866797 1124.30400536 1.2591495843 7.8669555466 1.9919892663 0.214105417002
404 3636 0.0137876680743 0 0.376671981965 1576.99499497 1124.31353555 1.25914531618 7.86692824291 1.99199966585 0.214102862085
405 3645 0.0133074848854 0 0.376671981859 1576.99210788 1124.27895453 1.25915779215 7.8669443114 1.9920075724 0.214104257512
406 3654 0.012543091876 0 0.376671981912 1576.97984872 1124.29746327 1.25914868065 7.86693566086 1.99200205188 0.214103798802
407 3663 0.0103815807737 0 0.376671981866 1576.9895144 1124.27956027 1.25915948869 7.86695766274 1.99200116185 0.214106049654
408 3672 0.00940294076349 0 0.376671981893 1576.98179058 1124.28124678 1.25915468607 7.86695767805 1.99200754813 0.214106141249
409 3681 0.00890277905514 0 0.376671981864 1576.9773219 1124.27648704 1.2591574102 7.86694915558 1.99201329598 0.214105315909
410 3690 0.00833358154726 0 0.376671981862 1576.97762661 1124.27083378 1.2591613277 7.86695461315 1.99201170716 0.214105899618
411 3699 0.0074555294987 0 0.37667198185 1576.97752399 1124.26791406 1.25916068731 7.86694679967 1.99200337624 0.214104989979
412 3708 0.00680962949399 0 0.376671981844 1576.99568143 1124.28581838 1.25915669942 7.86694294096 1.99200313416 0.214104186381
413 3717 0.00741774582014 0 0.376671981844 1577.00342631 1124.29478336 1.25915727526 7.86693839428 1.99200476813 0.214103506297
414 3726 0.00714356250129 0 0.376671981841 1577.00941029 1124.29960774 1.25915598682 7.8669414115 1.99201032283 0.214103750442
415 3735 0.00616024587327 0 0.376671981842 1576.99894761 1124.2982385 1.25915358268 7.86693655895 1.99200643939 0.214103404596
416 3744 0.00501935995164 0 0.376671981841 1576.99927563 1124.29021317 1.25915678862 7.86694590648 1.99200659317 0.214104437755
417 3753 0.00424648009004 0 0.376671981839 1576.99538247 1124.29077653 1.2591563968 7.86694401541 1.99200723787 0.214104356858
418 3762 0.00416185946676 0 0.37667198184 1577.00454074 1124.29846889 1.25915579718 7.86693866426 1.99200979584 0.214103622757
419 3771 0.00384883840455 0 0.37667198184 1577.00222341 1124.29549386 1.25915499124 7.86693888671 1.99200947903 0.214103584562
420 3780 0.0039032859433 0 0.376671981839 1577.00239997 1124.291733 1.2591563558 7.86693806913 1.99200605294 0.214103485042
421 3789 0.0033662062226 0 0.376671981839 1577.00322625 1124.29434395 1.25915550809 7.86694016281 1.99200561548 0.214103752264
422 3798 0.00309863042083 0 0.376671981839 1576.99517847 1124.28543854 1.25915871307 7.86694223223 1.99200625344 0.214104143402
423 3807 0.00268861155933 0 0.376671981838 1576.99667244 1124.28460011 1.25915870382 7.86694086393 1.99200602933 0.214103922052
424 3816 0.00226084724456 0 0.376671981837 1576.99937913 1124.28987621 1.2591572669 7.86694080667 1.99200832979 0.214103882284
425 3825 0.00203373756777 0 0.376671981837 1577.0005607 1124.28940356 1.25915778586 7.86694068368 1.99200783316 0.214103850443
426 3834 0.00189990541121 0 0.376671981836 1577.00060062 1124.29153443 1.25915686452 7.86694142316 1.99200670465 0.214103967309
427 3843 0.00167121994565 0 0.376671981837 1576.99987965 1124.29102253 1.2591567272 7.86694078562 1.99200705712 0.214103870809
428 3852 0.00166026420271 0 0.376671981836 1576.99812268 1124.28992348 1.25915697295 7.86693996135 1.9920057375 0.214103835437
429 3861 0.00160975257857 0 0.376671981836 1577.00063491 1124.29191698 1.25915656554 7.86694061837 1.99200662745 0.214103854642
430 3870 0.0015413169634 0 0.376671981837 1577.00068243 1124.2927827 1.25915652101 7.86694057724 1.99200728245 0.214103865277
431 3879 0.0012588454457 0 0.376671981836 1577.00134528 1124.29139149 1.25915687421 7.86694046839 1.99200679669 0.214103820025
432 3888 0.00118323457778 0 0.376671981836 1577.00142193 1124.29231525 1.25915656506 7.86694086906 1.99200713089 0.214103886051
433 3897 0.00106892291758 0 0.376671981836 1577.00107258 1124.29271244 1.25915623511 7.86694057796 1.99200718503 0.214103847531
434 3906 0.00101954835837 0 0.376671981836 1577.00015193 1124.2932713 1.25915582463 7.86693959362 1.99200696529 0.214103746361
435 3915 0.00099590323428 0 0.376671981836 1577.00076446 1124.29285028 1.25915609476 7.86693986544 1.99200778265 0.214103757101
436 3924 0.00105150137314 0 0.376671981836 1576.99987006 1124.29403961 1.25915553577 7.8669400123 1.99200778085 0.214103795823
437 3933 0.00102449819892 0 0.376671981837 1576.99824229 1124.29106166 1.25915625929 7.86693998626 1.99200659805 0.214103830398
438 3942 0.000996548726478 0 0.376671981836 1576.99863071 1124.29176832 1.2591561422 7.86694011854 1.99200711228 0.214103828172
439 3951 0.000892125790671 0 0.376671981837 1576.99913215 1124.29231212 1.25915598231 7.8669404616 1.99200709329 0.214103868208
440 3960 0.000925580932957 0 0.376671981835 1576.99740383 1124.29001174 1.25915672563 7.8669418871 1.99200763993 0.214104073131
441 3969 0.000973763480425 0 0.376671981836 1576.99778505 1124.28935644 1.25915720374 7.86694135705 1.99200718786 0.214104017344
