% # columns="iteration, evaluation, void, void, void, xmean", seed=231667, Tue Jun 23 17:45:51 2015 # scaling_of_variables: 1, typical_x: 0
0 0 0 0.0 nan 10.0 400.0 1.5 18.4455219365 0.5 0.8
1 9 0 0.0 nan 10.1616598092 400.275542689 1.47903975569 18.619504709 1.36094628032 0.53013815106
2 18 0 0.0 nan 10.0642809012 400.422177442 1.59047502647 18.4896078159 2.02787612687 -5.89495121907e-05
3 27 0 0.0 nan 10.0184712588 400.957052378 1.62525621735 18.4484627433 2.62774406899 -0.364376280468
4 36 0 0.0 nan 10.5559521277 401.315844332 1.88697070577 18.5386080332 3.05518889877 -1.1988622271
5 45 0 0.0 nan 10.773512485 401.671149571 2.08236371737 18.5078870746 3.01001468758 -1.21163973275
6 54 0 0.0 nan 10.4457984349 402.106123921 1.9752364009 18.3262501162 3.53094750998 -1.09318075058
7 63 0 0.0 nan 10.1661515352 402.13427561 2.32168697356 18.2701533745 3.30673523731 -0.802211695374
8 72 0 0.0 nan 10.3994956377 402.028872004 1.96124070263 18.5933499839 3.36978963027 -1.35867881795
9 81 0 0.0 nan 10.6310751855 402.783813018 2.18312056571 18.513250418 3.36371206261 -1.09866469325
10 90 0 0.0 nan 9.7214083534 402.138860064 2.34411013319 18.4294097503 3.16633369301 -0.928021121343
11 99 0 0.0 nan 9.28397480352 402.359674086 2.53990463469 18.4852908554 3.17056967032 -0.757660645928
12 108 0 0.0 nan 9.99303849034 402.33112652 2.06197479834 18.4376263257 3.27203382724 -1.45258815199
13 117 0 0.0 nan 9.86934393862 402.05862245 2.00223552834 18.3433615902 3.34790547388 -1.77399492973
14 126 0 0.0 nan 10.2567844183 402.078224142 1.98147675501 18.5421991722 3.09949732183 -1.71271799796
15 135 0 0.0 nan 10.5693888414 401.993552342 1.76485166076 18.3746512011 3.2824218611 -1.90102230683
16 144 0 0.0 nan 10.4724199084 401.632048513 1.56366292828 18.4064631798 3.21778854046 -2.41219692085
17 153 0 0.0 nan 10.6088430901 401.427980834 1.70697110369 18.5227955957 3.06005382992 -1.81612234037
18 162 0 0.0 nan 11.0128483149 401.061775105 1.34577556487 18.5400075613 3.09413278109 -2.34490258889
19 171 0 0.0 nan 11.1780055391 400.592261275 1.20842974342 18.6322578566 3.0296646061 -2.53224764456
20 180 0 0.0 nan 11.2461060693 401.076143592 0.889804478174 18.6177553484 3.27086838961 -2.57059100146
21 189 0 0.0 nan 11.066494538 400.924678548 1.11956344789 18.7386615848 3.41489346826 -2.81929229491
22 198 0 0.0 nan 11.2342023161 400.772502691 1.09210464843 18.6304725942 3.3810860943 -2.47509469183
23 207 0 0.0 nan 11.3898094626 401.003511177 1.04278258024 18.556640687 3.34650754601 -2.36657292783
24 216 0 0.0 nan 11.3331767502 400.546337257 0.760648626146 18.4649241333 3.35795361766 -2.80748543335
25 225 0 0.0 nan 11.1983864519 400.534317037 0.769677110773 18.5403478408 3.35027269335 -2.77028340483
26 234 0 0.0 nan 10.8595786473 400.438407947 0.686756793104 18.382656207 3.25891659689 -2.74552764661
27 243 0 0.0 nan 10.9924664653 400.498885418 0.705473949154 18.4966535766 3.13571895573 -3.06253142314
28 252 0 0.0 nan 11.0484687291 400.527290603 0.67058729632 18.4718576343 3.3537241541 -3.47026645185
29 261 0 0.0 nan 11.1345575783 401.079188744 0.723663256257 18.3296794756 3.70045847054 -3.38397877836
30 270 0 0.0 nan 11.1347580652 401.090585463 0.739459824168 18.353055551 3.5728924323 -3.18133020005
31 279 0 0.0 nan 11.2011849246 401.243825508 0.718552739976 18.4714048748 3.61586871774 -3.25883525675
32 288 0 0.0 nan 11.311469186 401.030023012 0.645599095196 18.3596316931 3.62088968256 -3.09301518863
33 297 0 0.0 nan 11.2105696732 400.844877291 0.639054878986 18.3007505528 3.53650089237 -2.97943098349
34 306 0 0.0 nan 11.157985443 400.642512318 0.655502784623 18.3367509939 3.38900019463 -3.08344776041
35 315 0 0.0 nan 10.9420734965 400.382081159 0.671525120714 18.3979119778 3.3305680652 -3.11221892965
36 324 0 0.0 nan 10.8599244049 400.11084411 0.655981370096 18.3877972534 3.19494008526 -2.82622897136
37 333 0 0.0 nan 10.9803654644 400.390202548 0.689013414967 18.4005312826 3.3194191756 -3.10326599207
38 342 0 0.0 nan 11.0523967922 400.255036391 0.728439428923 18.402541546 3.23304468285 -3.042661333
39 351 0 0.0 nan 11.0237602404 400.02830043 0.672443791344 18.4356084771 3.10886292021 -2.97604446475
40 360 0 0.0 nan 10.9639960498 399.937175709 0.678650632007 18.445076711 3.05231171848 -2.90986991573
41 369 0 0.0 nan 11.0423052931 399.848757093 0.696427753369 18.4853625941 3.06922962812 -2.86457801626
42 378 0 0.0 nan 11.0928860058 399.96005669 0.671362925852 18.4476456488 3.05402589431 -2.86529954718
43 387 0 0.0 nan 11.1054702202 399.852656527 0.661734813065 18.4459286933 3.04825460259 -2.79331312191
44 396 0 0.0 nan 11.1293909703 399.805308504 0.654999221265 18.4409483225 3.04759379115 -2.86074846888
45 405 0 0.0 nan 11.2134162923 399.762073711 0.682789196009 18.4559662972 3.03575781386 -2.93552046132
46 414 0 0.0 nan 11.1579849802 399.772937903 0.66984248757 18.4935179019 3.07406470296 -2.82690680214
47 423 0 0.0 nan 11.0798859464 399.687348897 0.663679676596 18.5171884224 3.04013316704 -2.85320552777
48 432 0 0.0 nan 11.1082879292 399.557723616 0.669999044915 18.514296949 3.02013525855 -2.93934447087
49 441 0 0.0 nan 11.1780095146 399.462337534 0.661805050939 18.5090419075 2.95823488966 -2.93894045628
50 450 0 0.0 nan 11.2238899249 399.426953271 0.651586267119 18.4731242971 2.96921642297 -2.79685354836
51 459 0 0.0 nan 11.1435356449 399.551275415 0.663758807137 18.4831852009 3.03643371683 -2.74993497245
52 468 0 0.0 nan 11.156277311 399.610168996 0.662814565415 18.4591546161 2.99969725831 -2.78556427608
53 477 0 0.0 nan 11.1767250168 399.608375423 0.651014550754 18.5021023215 3.0378132575 -2.95929510172
54 486 0 0.0 nan 11.1674758722 399.610133359 0.650708650424 18.4974712956 3.06621221142 -2.8977260465
55 495 0 0.0 nan 11.1497187772 399.536741977 0.658158067539 18.4833924629 3.04641528622 -2.91699058995
56 504 0 0.0 nan 11.1678228596 399.458403428 0.663886266529 18.4719330218 3.03789529738 -2.95021894995
57 513 0 0.0 nan 11.1049307826 399.556387633 0.658849503215 18.4763008229 3.05028086255 -2.97414687093
58 522 0 0.0 nan 11.1380036213 399.501437032 0.650288452227 18.4649595255 3.03758245849 -2.98772111996
59 531 0 0.0 nan 11.1372600148 399.508300062 0.652013197933 18.4803051986 3.03750802432 -3.05752868865
60 540 0 0.0 nan 11.1078098498 399.485635647 0.654238033597 18.4749504019 3.04536012203 -3.04541769363
61 549 0 0.0 nan 11.0873744047 399.495395899 0.65876233622 18.4799068711 3.04057252481 -3.02091438175
62 558 0 0.0 nan 11.1039908647 399.462785638 0.650966700188 18.4825748165 3.02938785231 -3.07970270884
63 567 0 0.0 nan 11.0817592805 399.424134366 0.651110443382 18.48194236 3.03045093721 -3.09404644156
64 576 0 0.0 nan 11.093258716 399.396018101 0.653640077638 18.4752690263 3.02521891113 -3.1237367332
65 585 0 0.0 nan 11.0966393036 399.451644323 0.656036333458 18.4703762757 3.02334584124 -3.11571028548
66 594 0 0.0 nan 11.089172382 399.451369126 0.655849409719 18.4796836789 3.02845035763 -3.16182387836
67 603 0 0.0 nan 11.0914555655 399.434695076 0.659024331215 18.4781733196 3.0285742743 -3.13042413406
68 612 0 0.0 nan 11.0928200415 399.456509327 0.660036453638 18.4773745691 3.03752802677 -3.14031960066
69 621 0 0.0 nan 11.1002069528 399.442665339 0.658088596486 18.4856853813 3.03376311529 -3.11175663186
70 630 0 0.0 nan 11.0841099321 399.428254733 0.655432030734 18.4787673631 3.03619491738 -3.12889041975
71 639 0 0.0 nan 11.0781502231 399.442660809 0.656087513142 18.4800046981 3.03244418835 -3.13739217659
72 648 0 0.0 nan 11.0808985336 399.442552694 0.655269708242 18.4815597514 3.03214043908 -3.15136763424
73 657 0 0.0 nan 11.0826965135 399.451352059 0.655023502323 18.4829550145 3.03255064905 -3.15638606284
74 666 0 0.0 nan 11.0829823096 399.460370085 0.654814682894 18.4833047335 3.03759099435 -3.15115578183
75 675 0 0.0 nan 11.0709429538 399.444209803 0.652839279249 18.483710652 3.03212986893 -3.16606025792
76 684 0 0.0 nan 11.0607843865 399.451032329 0.65341252214 18.483492799 3.03041295725 -3.1684544552
77 693 0 0.0 nan 11.0597184029 399.451325718 0.654632213421 18.4798574689 3.02660820017 -3.14983669025
78 702 0 0.0 nan 11.044450178 399.462885035 0.654475164232 18.4809453842 3.03447006096 -3.13984201875
79 711 0 0.0 nan 11.0377991586 399.469376036 0.653766591299 18.4830532278 3.03456895791 -3.17209693815
80 720 0 0.0 nan 11.0290924742 399.466671302 0.653860682925 18.4818370955 3.03279932676 -3.16859726282
81 729 0 0.0 nan 11.0130634541 399.447510628 0.653159117816 18.4849459988 3.03222133891 -3.16699797495
82 738 0 0.0 nan 11.0129787511 399.468816432 0.653431710525 18.4804772218 3.02997322736 -3.16621093777
83 747 0 0.0 nan 10.9903023992 399.49255548 0.653979274098 18.4801317218 3.02749184321 -3.18786065768
84 756 0 0.0 nan 10.9763052874 399.475747116 0.654741817396 18.4876264051 3.03337788449 -3.18960896415
85 765 0 0.0 nan 10.9624346172 399.489831202 0.653669506335 18.4903311777 3.03580710185 -3.18720251445
86 774 0 0.0 nan 10.9415441704 399.495542689 0.654193268857 18.4866617638 3.03553304824 -3.18078512395
87 783 0 0.0 nan 10.9294609227 399.493011651 0.652919076032 18.4847726421 3.02997818855 -3.16582417266
88 792 0 0.0 nan 10.8821019845 399.491875539 0.65245261459 18.484701191 3.03733218142 -3.17516286239
89 801 0 0.0 nan 10.868516467 399.511032011 0.65152019481 18.4846621293 3.03415150325 -3.17044847639
90 810 0 0.0 nan 10.8437927611 399.566993564 0.652848416539 18.4817564449 3.0306079639 -3.21041997453
91 819 0 0.0 nan 10.7630318827 399.5505262 0.651557147762 18.4772370644 3.03980186774 -3.21659800011
92 828 0 0.0 nan 10.6852341456 399.565749767 0.647433549394 18.4814895042 3.04343480135 -3.23447333449
93 837 0 0.0 nan 10.6452887808 399.543916508 0.644924658144 18.4854802612 3.03546128945 -3.27579604661
94 846 0 0.0 nan 10.5420741497 399.56453443 0.644932911476 18.480778362 3.02617801149 -3.31418529542
95 855 0 0.0 nan 10.3474185139 399.567500728 0.642233436186 18.4828403821 3.02188502753 -3.42877615493
96 864 0 0.0 nan 10.1227723878 399.596477274 0.642675154836 18.4879991127 3.0308279043 -3.46105527292
97 873 0 0.0 nan 9.93784758442 399.614120559 0.6380853247 18.4840195968 3.0340163059 -3.50061426012
98 882 0 0.0 nan 9.5879951315 399.76356949 0.631657438546 18.474813637 3.02266344282 -3.71709700968
99 891 0 0.0 nan 8.87620991619 399.886214456 0.622821219466 18.4801402938 3.02850018446 -3.92957353113
100 900 0 0.0 nan 8.83193594712 399.979288426 0.615805607115 18.4795709447 3.03747981715 -3.91559783498
101 909 0 0.0 nan 8.78804182846 399.881715322 0.617124991845 18.4967181772 3.05478681822 -3.93104193934
102 918 0 0.0 nan 8.03354467555 400.073763575 0.593344996619 18.4812187899 3.07573313692 -4.19422368308
103 927 0 0.0 nan 7.25552323917 400.03472436 0.575460666033 18.4792957424 3.0803143934 -4.6935467497
104 936 0 0.0 nan 7.32835321658 399.811483798 0.58264622084 18.486160374 3.03952143688 -4.85944980927
105 945 0 0.0 nan 6.82103633505 399.741948534 0.567347055636 18.4861340564 3.02990773444 -5.45534976809
106 954 0 0.0 nan 6.72179187948 400.017864949 0.568537039963 18.4803644505 2.99887480557 -5.01237719124
107 963 0 0.0 nan 5.81600151004 399.660330011 0.557950965275 18.4992152059 3.05266250313 -5.46596166278
108 972 0 0.0 nan 5.32576750735 399.363279804 0.544410218 18.4970377003 3.06616553605 -5.53359049488
109 981 0 0.0 nan 5.38883417938 399.310423911 0.550172112868 18.4849237266 3.07536453254 -5.43762014837
110 990 0 0.0 nan 6.48657804354 399.613174197 0.578786037417 18.5045701914 3.07517202095 -4.89621521647
111 999 0 0.0 nan 5.87399216626 399.642829722 0.554477338996 18.511349228 3.04043509711 -5.22827380303
112 1008 0 0.0 nan 5.57129989417 399.871573021 0.544018347763 18.4921389526 3.04097020689 -5.4058710917
113 1017 0 0.0 nan 5.02617734418 399.929883161 0.530198330714 18.4959439099 3.0700415228 -5.63306116362
114 1026 0 0.0 nan 4.71529977065 399.952498844 0.52039429479 18.4911801285 3.07444315639 -5.91849780009
115 1035 0 0.0 nan 5.02989454088 400.091932235 0.530025751343 18.471412157 3.05313779107 -5.64094252536
116 1044 0 0.0 nan 4.53337956985 399.982054536 0.514345167899 18.479435039 3.04752152348 -6.05885771609
117 1053 0 0.0 nan 4.47192481122 400.031883847 0.51240987254 18.4816067221 3.0307091377 -6.31677746372
118 1062 0 0.0 nan 4.40993113954 400.059870964 0.512528446828 18.4794000964 3.05011068319 -6.40309408944
119 1071 0 0.0 nan 4.11717646985 399.950190948 0.502793283667 18.4843735961 3.03820644642 -6.72078941095
120 1080 0 0.0 nan 4.31381837893 399.958849034 0.503665462761 18.4897536099 3.02633413639 -6.6695466927
121 1089 0 0.0 nan 3.77443156667 400.085838083 0.485544527473 18.4863931133 3.04170143318 -7.0438431123
122 1098 0 0.0 nan 3.73884313055 399.977101901 0.482527015094 18.4873540748 3.04013838708 -6.70932765648
123 1107 0 0.0 nan 3.71325243716 400.043901306 0.484904314953 18.4925155821 3.0328839215 -6.62647475627
124 1116 0 0.0 nan 3.63253878253 400.01347574 0.481045087225 18.4750923761 3.04188553886 -6.79204621265
125 1125 0 0.0 nan 3.74753953155 400.118012731 0.482469182624 18.4878383095 3.03815785552 -7.0766396883
126 1134 0 0.0 nan 3.77468256693 400.129475432 0.489827832247 18.4812363532 3.03750567427 -7.36365281948
127 1143 0 0.0 nan 3.43103069478 399.841467932 0.476808247003 18.488760181 3.04833962431 -7.51701386449
128 1152 0 0.0 nan 4.03484207178 399.792119129 0.494553149448 18.4859911637 3.0519702874 -7.19776978569
129 1161 0 0.0 nan 3.73230764123 400.031550917 0.48512475658 18.4818614839 3.04474565714 -7.21972583241
130 1170 0 0.0 nan 3.62859187449 399.904437247 0.481190863642 18.4915658058 3.04565123507 -7.15217695934
131 1179 0 0.0 nan 3.77148924161 399.974520704 0.488407960371 18.4868790412 3.03661812061 -6.99975751578
132 1188 0 0.0 nan 3.9245421195 399.983720981 0.492863293375 18.4912348914 3.0362241274 -6.79585837157
133 1197 0 0.0 nan 3.78208576459 399.848849059 0.486935370326 18.4885897458 3.03770084017 -6.67436408473
134 1206 0 0.0 nan 3.6820134739 399.863579617 0.482642100983 18.4908393221 3.03570891219 -6.77250263763
135 1215 0 0.0 nan 3.56369109768 399.759693399 0.477755526007 18.4911673984 3.02539709596 -6.99380578872
136 1224 0 0.0 nan 3.65313348366 399.765861428 0.482836694623 18.4902105785 3.02768643492 -7.12767944403
137 1233 0 0.0 nan 3.83402754098 399.731769858 0.489872383622 18.4920446259 3.02860088073 -6.99126305468
138 1242 0 0.0 nan 3.86341233293 399.768265289 0.489974608185 18.4949308945 3.03139301496 -6.9672176638
139 1251 0 0.0 nan 3.91462541888 399.740359842 0.490932642568 18.4959357847 3.03034856227 -7.04491880676
140 1260 0 0.0 nan 3.75197513634 399.67080431 0.485727308656 18.4936651435 3.03413046403 -7.22239195198
141 1269 0 0.0 nan 3.67250084858 399.624182979 0.481729497562 18.4952978447 3.03482750227 -7.27323285216
142 1278 0 0.0 nan 3.71584733453 399.655199234 0.484253588697 18.4925403228 3.0353338939 -7.24020105747
143 1287 0 0.0 nan 3.64518664324 399.612557082 0.48112486536 18.4918113308 3.03549047063 -7.15232284972
144 1296 0 0.0 nan 3.67975330601 399.679065256 0.482486863356 18.4930638219 3.0336479032 -7.0697409596
145 1305 0 0.0 nan 3.67394845722 399.681994908 0.482320139383 18.492248008 3.03320110608 -7.01729689428
146 1314 0 0.0 nan 3.65039851935 399.692652151 0.481407938661 18.4917344913 3.03334862972 -6.93903961848
147 1323 0 0.0 nan 3.65618301255 399.729368152 0.481893383013 18.4930099236 3.03436766437 -6.87785424275
148 1332 0 0.0 nan 3.69462019137 399.689009976 0.483798170212 18.4924340276 3.03204343865 -6.79217419897
149 1341 0 0.0 nan 3.65450867404 399.690410053 0.481752833119 18.4936752472 3.0335847232 -6.85095171361
150 1350 0 0.0 nan 3.70075888367 399.708340321 0.483763950936 18.4921195484 3.03398191194 -6.80367119296
151 1359 0 0.0 nan 3.64231799545 399.672569972 0.481153543222 18.4919854016 3.03476873572 -6.84638613598
152 1368 0 0.0 nan 3.66348253824 399.632771943 0.481805450101 18.4925252866 3.03364287432 -6.8338937544
153 1377 0 0.0 nan 3.68506713764 399.64908239 0.482652831585 18.4927910405 3.033553938 -6.82280349083
154 1386 0 0.0 nan 3.6936691777 399.678237401 0.483178314241 18.4927167334 3.03316082377 -6.74613132474
155 1395 0 0.0 nan 3.69168318229 399.670666886 0.483445549204 18.4934489711 3.03364917428 -6.69988932185
156 1404 0 0.0 nan 3.69653332347 399.658773438 0.483530520853 18.492894976 3.03373176459 -6.67683799594
157 1413 0 0.0 nan 3.68652645277 399.651503866 0.482971112417 18.4926986704 3.03368988448 -6.74534728498
158 1422 0 0.0 nan 3.68778731732 399.642459593 0.482929142352 18.4923655336 3.03353262319 -6.74863211711
159 1431 0 0.0 nan 3.68460136908 399.653113445 0.482982839607 18.4922564052 3.03325959458 -6.72194207674
160 1440 0 0.0 nan 3.67961231298 399.66140395 0.482802159037 18.4923897569 3.03326213394 -6.72944653039
161 1449 0 0.0 nan 3.68298443709 399.662483306 0.482880769638 18.4922100556 3.03320837343 -6.71612379285
162 1458 0 0.0 nan 3.67624119613 399.674681834 0.482716890023 18.4924041066 3.03291770653 -6.67014735936
163 1467 0 0.0 nan 3.67114595994 399.670742758 0.482487334028 18.4925074494 3.03292520197 -6.66739297042
164 1476 0 0.0 nan 3.67486225669 399.671857513 0.482598831895 18.4926588864 3.03333853921 -6.65226286799
165 1485 0 0.0 nan 3.67127027778 399.669200133 0.4823992661 18.4926425838 3.0335029822 -6.68314933672
166 1494 0 0.0 nan 3.67024851512 399.68125019 0.482490764569 18.4924894937 3.03313655996 -6.67208350581
167 1503 0 0.0 nan 3.67952509734 399.683812175 0.482828279727 18.4924290533 3.033291231 -6.67845647595
168 1512 0 0.0 nan 3.67933628415 399.700165089 0.482870215711 18.492298877 3.03338316798 -6.63257095634
169 1521 0 0.0 nan 3.6760558755 399.697784224 0.4826395287 18.4924101725 3.03345356962 -6.65398358168
170 1530 0 0.0 nan 3.68131461639 399.707310368 0.4828396059 18.4923169927 3.03327223484 -6.65252171236
171 1539 0 0.0 nan 3.67634610987 399.714087325 0.48267274059 18.4922619244 3.033068282 -6.64443203164
172 1548 0 0.0 nan 3.67620394064 399.723848327 0.482698852538 18.4922208071 3.0332212201 -6.62932154009
173 1557 0 0.0 nan 3.67066243363 399.724689639 0.482459462864 18.4922157951 3.03331659838 -6.62047939018
174 1566 0 0.0 nan 3.67496690225 399.733897917 0.482614651699 18.4921406718 3.0333564111 -6.62746570695
175 1575 0 0.0 nan 3.67254426439 399.729023046 0.482517662227 18.4923948965 3.03318656585 -6.64475448714
176 1584 0 0.0 nan 3.67125985686 399.732228679 0.482430493455 18.4921616879 3.03329124319 -6.61621977617
177 1593 0 0.0 nan 3.66889346485 399.73751111 0.482322634853 18.4922472915 3.03344662983 -6.58569400112
178 1602 0 0.0 nan 3.66329554021 399.753648133 0.482135760553 18.4922718393 3.03346384302 -6.58100889413
179 1611 0 0.0 nan 3.66809812089 399.752306343 0.482338502975 18.4921425524 3.03329436711 -6.58472042122
180 1620 0 0.0 nan 3.67158383194 399.766992228 0.482455694537 18.4922009839 3.03331484698 -6.57473568328
181 1629 0 0.0 nan 3.67202666427 399.774323913 0.482446794729 18.4923087815 3.03346253515 -6.56037096678
182 1638 0 0.0 nan 3.66947532449 399.771029769 0.482410867659 18.4922001504 3.03317861031 -6.57555763405
183 1647 0 0.0 nan 3.66773433087 399.772347698 0.482349735421 18.4924107482 3.03301501062 -6.56360452582
184 1656 0 0.0 nan 3.66957512287 399.779446575 0.482397985924 18.4922474589 3.03309160707 -6.55202917434
185 1665 0 0.0 nan 3.66828358785 399.794542608 0.482307117633 18.4923220789 3.03317699896 -6.54017212606
186 1674 0 0.0 nan 3.67164987513 399.79822635 0.482435898042 18.4923249792 3.03314275074 -6.52633121336
187 1683 0 0.0 nan 3.67092846684 399.814101659 0.482342180515 18.4924180691 3.03302995452 -6.50828664153
188 1692 0 0.0 nan 3.67067749302 399.833566621 0.482299894695 18.4924715112 3.03328528949 -6.49098365115
189 1701 0 0.0 nan 3.67368307703 399.879397491 0.482313067779 18.4923798565 3.03351292813 -6.42870735037
190 1710 0 0.0 nan 3.67632882775 399.906700665 0.48237093284 18.4922288026 3.03316672338 -6.38532003508
191 1719 0 0.0 nan 3.67635886745 399.923507771 0.482492758703 18.4924464748 3.0331095236 -6.34243610212
192 1728 0 0.0 nan 3.68607681677 399.968862528 0.482859843654 18.4925806085 3.03305417295 -6.27451507804
193 1737 0 0.0 nan 3.68379591995 399.974638759 0.4827515679 18.4925864197 3.03252708002 -6.30211190251
194 1746 0 0.0 nan 3.68197322113 400.009570687 0.482613418162 18.492585959 3.03249402636 -6.21183913779
195 1755 0 0.0 nan 3.68213060471 400.023258366 0.48275005775 18.4924034532 3.03232666973 -6.23207934622
196 1764 0 0.0 nan 3.67466871509 400.071277909 0.482447169632 18.4923081445 3.03286350565 -6.11461088983
197 1773 0 0.0 nan 3.67067365125 400.140055746 0.482163902884 18.4923628642 3.03253231626 -6.03798169934
198 1782 0 0.0 nan 3.68261680822 400.202053556 0.482623628802 18.4920140381 3.03330980376 -5.91751137266
199 1791 0 0.0 nan 3.67085406282 400.265830779 0.48222583851 18.491583978 3.03390860318 -5.84593556132
200 1800 0 0.0 nan 3.66148268082 400.257354021 0.481947037436 18.4921488412 3.03328741701 -5.91818995653
201 1809 0 0.0 nan 3.67741100038 400.335661094 0.482739338355 18.49229333 3.03313814087 -5.70437359076
202 1818 0 0.0 nan 3.67289249472 400.398501872 0.482348044534 18.4926376958 3.03310093558 -5.58580512901
203 1827 0 0.0 nan 3.69001979099 400.464789953 0.483150880848 18.4932373928 3.03302596389 -5.47717700759
204 1836 0 0.0 nan 3.69379137626 400.545017987 0.48314617591 18.4930391484 3.03318794797 -5.38140547269
205 1845 0 0.0 nan 3.69944340403 400.588784733 0.483357077459 18.4926021801 3.0331619063 -5.34417406318
206 1854 0 0.0 nan 3.70568390193 400.681491757 0.483665108154 18.4926907877 3.03306457288 -5.15240758774
207 1863 0 0.0 nan 3.6912310632 400.74303104 0.483023327737 18.4925605334 3.03330455775 -5.07463495109
208 1872 0 0.0 nan 3.69906628556 400.911754591 0.483337020457 18.492356869 3.03376172216 -4.76873672875
209 1881 0 0.0 nan 3.68055923904 401.176952456 0.482384784371 18.4928254744 3.03352161684 -4.35257386563
210 1890 0 0.0 nan 3.66601307794 401.518087533 0.481588243115 18.4925735459 3.03372236774 -3.89457574157
211 1899 0 0.0 nan 3.69200988758 402.054725972 0.482416869933 18.4928074465 3.03368244362 -3.01501315101
212 1908 0 0.0 nan 3.70893970128 402.581108791 0.483252677836 18.4937364083 3.03428437542 -2.0854492867
213 1917 0 0.0 nan 3.67316812132 403.231259533 0.482164615641 18.4933986015 3.0337315235 -1.47371428169
214 1926 0 0.0 nan 3.70067861584 403.235915915 0.483349009986 18.4923502031 3.03369548798 -1.5345710937
215 1935 0 0.0 nan 3.75630407552 404.240317958 0.484809820625 18.4936682899 3.03096562495 0.123155152311
216 1944 0 0.0 nan 3.71639323726 404.746454115 0.483477572669 18.492075067 3.03235182069 1.11602681613
217 1953 0 0.0 nan 3.7022337895 406.532294437 0.483194498167 18.4933504819 3.03163447392 4.18534516421
218 1962 0 0.0 nan 3.6839139693 408.051922478 0.481555426125 18.4960759845 3.03264513836 6.43881591144
